0
0.0009260484
0.00015502538
0.00048600778
0.0024973198
4.3593616e-05
0.0019372656
0.00030768063
0.000574986
0.00035713072
0.00053784985
0.00047921564
0.0003963755
0.0007844588
0.0010110796
0.00093174604
0.0008828332
0.0009817161
0.0006965832
0.00059420214
0.0012111372
0.0020947973
0.00043322204
0.0009390616
0.002750463
0.00022977106
0.00035566255
0.00020781225
0.0004240916
0.00035595693
0.00020376248
0.0017341594
0.001775788
0.002147563
0.0025100936
0.0021027068
0.0011968674
0.0028883792
8.9366265e-05
0.001209975
0.002484894
0.0003083695
0.0023332662
0.0016313737
0.0015384974
0.0012370578
0.0015429598
0.0014437276
0.0013597482
0.0019872105
0.0021237114
0.0019844803
0.0014784917
0.0019506112
0.0021675418
0.00023967553
0.0014583995
0.0011853725
9.7538556e-05
0.00083729776
0.00021524474
0.00093674933
0.000493575
0.00021085225
0.0012582239
0.001248504
0.00054462405
0.0017922382
0.00065253576
0.0014257774
0.002204125
0.0010315496
0.0012355397
0.0020842704
0.0020714647
0.0020935405
0.0023378055
0.0021853205
0.0021687842
0.0005510251
0.00024181756
0.0005393569
0.00017097977
0.00025693252
0.0009172067
0.0022352666
0.0025401397
0.0024013007
0.0018779292
0.0021185083
0.0024288448
0.00089958153
0.00039553564
0.0005572146
0.0011146566
0.00060923054
0.0011656557
0.00023011804
0.00021024853
0.0002514519
0.0003983222
0.00021654824
0.00015672088
0.0025779936
0.0026016652
0.0024149253
0.002547861
0.0024181542
0.0023913207
0.00013373663
0.0024393809
0.0027257474
0.0005427993
0.0011202355
0.001399825
0.0011451723
0.00044688926
0.00073673023
0.0010314716
0.0008560835
0.0012628648
0.0024030185
0.0024241067
0.0023782735
0.0026920997
0.0025132403
0.0023557425
0.0008839387
0.0021727213
0.0011105239
0.00207503
0.00071213685
0.0019146131
0.0020848273
0.0015092154
0.0019760518
0.002333024
0.0020910127
0.002223138
0.00018937494
0.0009985336
7.9507765e-05
0.0011692778
9.9207515e-05
0.00014185057
0.0018412557
0.0018793737
0.0019243179
0.0013620638
0.0017545169
0.002191219
0.0029926607
8.117481e-06
0.0016516602
0.0015795999
1.4625561e-05
0.002974716
0.0021686552
0.0026409547
0.002214562
0.0020935321
0.0021308565
0.0016231411
5.8149162e-05
0.0013198688
0.0008598579
0.0010133557
0.00016301431
0.0006073161
0.0026673274
0.001562359
0.0033038456
0.0011708428
0.0011363723
0.0052709607
0.0005956459
0.00070897304
0.00057899684
0.0006404422
0.0007414362
0.0005059863
0.0020671296
0.0018620099
0.0018708917
0.0022001513
0.0021816026
0.0018982772
0.002331571
0.00047258925
0.0011316783
0.00031464198
0.0001937737
0.0029952868
0.0019633668
0.002353656
0.001708409
0.0013994828
0.0010456963
0.0019100178
0.00039718323
0.00037769086
0.0003672433
0.00015620554
0.00025249436
0.0005735196
0.0010465138
0.0010182927
1.5683521e-05
0.0016066239
0.0015261992
0.00023213294
0.0006283435
0.0022170336
0.0024205388
0.0016402473
0.0019022659
0.0011485307
0.0024730875
0.0025195119
0.0024400863
0.0021906977
0.0023559812
0.0025108675
0.0017895735
0.0021099614
0.001582669
0.0020729296
0.0020943976
0.0015165143
0.0020683645
0.0015916666
0.0017995137
0.0018828308
0.0015051432
0.0020284427
3.872761e-05
0.00044342168
0.00093915546
0.00048977975
0.00019659086
0.0011615381
0.0015501977
0.0006527396
0.001306314
0.0020201665
0.0008901392
0.0010785271
0.0008822062
0.001579612
0.0004063154
0.0019887506
0.0024180599
0.0008998984
0.001605345
0.0015135299
0.0017536011
0.0015763867
0.0016296792
0.0017366008
0.0013565256
0.0017232564
0.0015428619
0.0012343213
0.0013098638
0.0016733237
0.0005890036
1.3016271e-06
0.00057795784
0.00068571366
0.00026582472
0.0006420953
0.0019778183
0.001738421
0.0017312911
0.0020993764
0.0018012488
0.0015556648
0.0013419216
0.002227672
0.002152233
0.002401259
0.0021547696
0.0005365775
0.0006498169
0.0017941002
0.000608733
0.00020558758
0.0013091794
0.0016570019
0.0015486924
0.0001391707
0.0012938784
0.0021392275
0.0019156875
0.0018966325
0.005406654
0.0062923403
0.0072275475
0.0020853013
0.0037617376
0.009067256
0.0012679491
0.0010693388
0.0012112624
0.0010556737
0.0009388989
0.0015259766
0.0020397739
0.002376658
0.002099927
0.0021875566
0.0021030335
0.0019042857
0.001711775
0.0011324412
0.00088238274
0.000990825
0.00035128635
0.0013540494
0.0014870153
0.0014597869
0.0019532563
0.0010373701
0.0011379787
0.0021596595
0.0012852697
0.008037975
0.0006760822
0.0001573536
0.006324687
0.0014856384
0.0007741774
0.00094905106
0.0007977326
0.0008286574
0.0009103157
0.0006636541
0.0007372269
0.00015214707
0.0002333234
0.000566984
0.00012316748
0.00058466976
0.0015797908
0.0014913856
0.0016107411
0.0014251597
0.0014428832
0.001720348
0.0010001962
0.0013435512
0.00063816644
0.00062529376
0.0007568072
0.0008798149
0.001068114
0.0023910936
0.002194061
0.0019618603
0.002041531
0.0005369648
0.0008956024
0.0012823648
0.00049078866
0.00207549
0.0007522457
0.0013528372
0.00013002052
0.00020023118
0.0001266815
0.00011069948
0.000108617474
0.00013310759
0.0016315021
0.0016941122
0.0017843393
0.0014719513
0.0016466948
0.0016882295
0.0005403494
0.0015481744
0.0005133944
0.00071842084
0.0010957287
0.0009952598
0.0012450386
0.00089673855
0.0002427295
0.002741645
0.0024438126
0.00046374902
0.0021445875
0.0012954643
0.0022339318
0.0019950923
0.001781495
0.002562453
0.00043967183
0.0006005134
0.00035566892
0.0005560839
0.00058076496
0.00044936102
0.00036833587
0.0022319818
0.0028323787
0.00040764076
0.001418653
0.0024825488
0.0022776055
0.0023294438
0.0021761183
0.0022372464
0.0021276071
0.002094628
0.00022948968
0.0006439286
0.00086824474
0.0012871756
0.000691404
0.00047897577
0.0019368733
0.0022697577
0.0018376051
0.0012131988
0.0017111609
0.0022148713
0.0008004442
0.00040391332
0.0007992943
0.00018426818
0.0008014848
0.0020157332
0.0017903969
0.0023506023
0.0017533037
0.0012734267
0.0019668778
0.00201294
0.0008543336
0.0005454708
0.00078526756
0.0008830863
0.0008360858
0.0009661555
0.00034778402
4.5022894e-05
0.00022799082
0.0008826619
0.0005905151
0.00019182464
0.0017426099
0.0019907022
0.0022136713
0.0025835757
0.0022485517
0.0011306475
0.00081916136
0.0026073228
0.0022905266
0.0015819075
0.0023871018
0.0010852972
0.0020283628
0.0024216913
0.002403804
0.0018024306
0.0018595188
0.002352385
0.00082852173
0.0004966333
0.00044151986
0.0009928138
0.0005814152
0.00036371144
0.0027015272
0.0076597943
0.0047298428
0.0026761615
0.0049696816
0.0029432185
0.0014790393
0.0015993491
0.0016137167
0.0014898524
0.0014925437
0.0015060502
0.00046206272
0.0004012019
0.00046825848
0.00050294836
0.00042639754
0.00044519862
0.0008259819
0.0006887536
0.0008940307
0.0007185964
0.0007505209
0.00092913304
0.0010363729
0.0014320598
0.0009766959
0.0018645384
0.0014627674
0.00023565775
0.0026599914
0.002532981
0.0026990678
0.0024838399
0.0025102927
0.0027416793
0.00045855323
0.00043838678
0.00045024112
0.00046137653
0.00049857394
0.00047084523
0.00043804714
0.0016639133
0.0013145261
0.0011443725
0.0012855867
1.3910853e-05
0.0031269633
0.00013355918
0.0014524464
0.0027643542
0.00020753314
0.0020763315
0.00028598774
0.0013120507
0.0011261642
0.00027362411
0.0011158258
0.00013369309
0.0020852245
0.0014210811
0.0027476535
0.0013417182
0.001363728
0.0036996955
0.0011452234
0.00023925705
4.430799e-05
0.002375963
0.0008653546
0.00016554185
0.002493385
0.0023528147
0.002449315
0.0026824342
0.0025158776
0.0024499337
0.0012976344
0.0013295183
0.0014446129
0.0012487681
0.0012282785
0.0014608172
0.00019001796
0.00027842014
8.1313265e-05
0.0007610466
0.0008003001
0.00017143667
0.00094064133
0.0009945305
0.0009171705
0.0011963346
0.0011179522
0.00074765744
0.00078086386
0.0005597635
0.00067346735
0.0007308514
0.0005598398
0.00066054706
0.0017581924
0.0015363699
0.0014587827
0.0017455507
0.0017985988
0.001983836
0.0060401186
0.0014999933
0.0006703636
0.004383384
0.00035249465
0.0012968923
0.0013658344
0.002218544
0.0023029973
0.0028899617
0.0020419084
0.00018856845
0.0034159457
0.0036580798
0.0034782467
0.0028394347
0.0032260858
0.0034868647
0.00023445555
0.0028651261
0.0011495854
0.0008865394
0.0016148676
0.00064915733
2.7763204e-05
0.0007161739
0.000395123
0.00034103193
0.00058698625
8.592721e-07
0.002071491
0.0007875104
0.0014050716
0.0010983048
0.00027461592
0.0021019406
0.0023945386
0.002517937
0.0025724883
0.002552224
0.0024527428
0.002339653
0.00039352514
0.0002515944
0.0002756016
0.00043839784
0.0003647971
0.0003793348
0.0016197845
0.0006488148
0.00023135454
0.0013335737
0.00047789206
0.0013936394
0.0009476743
0.001318994
0.0017215417
6.5482095e-06
0.00051950256
0.0017343155
0.0023789052
0.0026918065
0.002366074
0.0021905033
0.0025178865
0.0022448045
0.0019015361
0.0007734404
0.0013322599
0.0012289949
0.00057547
0.0018074294
0.0018749777
0.0010404746
0.0013363686
0.0015068928
0.0009506082
0.0016847498
0.001405167
0.00086307625
0.0011768248
0.0010726573
0.0006832712
0.0014827647
0.0025691483
0.00042433062
0.0014017778
0.0015662421
0.00034670305
0.0024175048
0.002732512
6.755882e-05
0.0013476241
0.0022214372
0.00039025606
0.002308747
0.0026877448
0.00021331248
0.0015109224
0.002185649
0.00045406845
0.0023283225
0.0025897718
0.00012366431
0.0014387942
0.0026780982
0.00040089228
0.0019827296
0.0014581935
0.0010801196
0.0012942074
0.0016699069
0.0012982658
0.00139103
0.0022705505
0.00063911465
0.001413007
0.0010841534
0.00039883965
0.0022939465
0.0003260675
1.6890368e-06
0.003163542
0.00029376836
0.0005388924
0.004431869
0.00014692105
0.0005006255
0.00074577687
0.000257492
0.00040070343
0.0008687591
0.0006627238
0.00018535391
0.0002759452
0.00075911783
0.00036464256
0.00021439393
0.0009598344
0.0010555502
0.0008801096
0.00096914504
0.00096493226
0.0008597414
0.0017900828
0.0029051036
0.0015189664
0.0018311716
0.002255644
0.001031622
0.0027664057
0.0009363572
0.0022886598
0.0020834077
0.0010376032
0.002982931
0.0013041513
0.0011191333
0.00014491589
0.0020738158
0.001123549
0.0010099593
0.0018708488
0.0011472141
0.001455416
0.0014798613
0.0010984562
0.0017575471
0.0019953488
0.0015456051
0.0018792032
0.001849414
0.0017922798
0.0019007643
0.0021240185
0.0008690128
0.0013727073
0.001075267
0.00062006136
0.002133484
0.0023374727
0.0023527504
0.0021222215
0.0027063347
0.0027078504
0.0014961143
0.0006185824
0.0012794005
0.00073255476
0.0006865817
0.0010793834
0.0004957191
0.001185994
0.00093189004
0.0011362003
0.00083384116
0.00089259207
0.001335616
2.7993348e-05
0.00075257587
0.00047347439
0.000108749155
0.00052095635
0.00018936177
0.002301555
0.0021376773
0.0021293384
0.0022954396
0.0021914935
0.002193188
0.0011565032
0.003349141
0.00061009213
0.0016788561
0.00268423
0.0004194844
0.0031645037
0.0034292215
0.0033192746
0.0028955687
0.0033429964
0.0031367748
0.0010103043
0.0013642571
0.0009317973
0.00057050964
0.0007134941
0.0011163515
0.0018892969
0.0021002535
0.0017657162
0.0013408437
0.0017607514
0.0020781702
0.0023263087
0.0005636044
0.0017084334
0.0027751268
0.0011234605
0.0018314519
0.0004949404
0.00085853686
0.0008876118
0.0006227306
0.00079308444
0.0005366871
0.0028861854
4.5486093e-05
0.0013841158
0.0024267
0.00039548572
0.002326629
0.0021105474
0.0013690849
0.0015026123
0.0005848704
0.0008451793
0.0023655472
0.001300329
0.0013342244
0.002300444
0.00020204556
0.0001681049
0.002491069
0.0010798568
0.00083551055
0.00097414816
0.0010646044
0.00092389446
0.0010782011
0.0016007121
0.0013646022
0.0014070284
0.0014021931
0.0011693946
0.0014221634
0.001382415
0.00085171545
0.0010745797
0.0014231529
0.00093106914
0.0011062562
0.0028652675
0.002683875
0.00270379
0.0032749053
0.0029085013
0.0024993909
0.0032661217
0.0028408456
0.0031130887
0.0029442224
0.0029421716
0.0036940717
0.00046680128
0.0011835536
0.000999025
0.0012880989
0.0011596526
7.737426e-05
0.0017746603
0.00056277716
0.001225186
0.0014077584
0.0011715154
0.0015187304
0.0010308159
0.0009595093
0.0021533587
0.0007382276
0.0015241724
0.0028385012
0.0006138537
0.002185618
0.0026233012
0.00041969388
0.0016395526
0.0022283015
0.00066954154
0.0021244027
0.0025944642
0.000574056
0.001554462
0.002121618
0.0004785207
0.0021531903
0.0025106466
0.000524094
0.001465239
0.0016926969
0.00042106828
0.0023707852
0.002334517
0.0007211131
0.0015141487
0.0011145667
0.0027581314
0.00308194
0.0028265335
0.0030009875
0.0029083367
0.0024076584
0.0012959461
0.0010667541
0.0003887725
0.0019130853
0.0019652594
0.0005369743
0.0003699115
0.0005397848
0.00072393613
0.00018756239
0.0005721249
0.0008784278
0.0013373481
0.00048843183
0.00084230123
0.0010939187
0.0007190368
0.0010798865
0.0006075245
0.0018901582
0.0018992724
0.00058693474
0.001281882
0.0013566931
0.000448786
0.0022608342
0.0021504315
0.00072160334
0.001440184
0.0009686696
0.00076029426
0.0019254179
0.0018542296
0.0007787883
0.0013291632
0.0013055289
0.0014896622
0.0022396846
0.00064335286
0.0012692504
0.002453062
0.00079991313
0.0008950092
0.00081321155
0.00090591394
0.00094234286
0.00079511676
0.0008070879
0.00021531947
0.00097048347
0.000683002
0.00022127717
0.00034199245
0.00011407915
0.001528293
0.0026076557
0.001560437
0.0007895218
0.0014975019
0.0015620799
0.0012607176
0.003669731
0.0015496429
0.0005107869
0.0014414337
0.0013959521
0.0026859946
0.0024342004
0.0026724096
0.002616432
0.0026735384
0.002870365
0.0029366803
0.0012745439
0.002296255
0.0027701578
0.002380592
0.0028180322
0.000887447
0.0014927117
0.001631169
0.00086305727
0.0012180432
0.0013593531
0.003090153
0.003047201
0.0032404617
0.0031308108
0.0031224
0.0034712302
0.0020408889
0.00082433235
0.0018956678
0.0024484447
0.0013253673
0.0015459108
0.0015901861
0.0019363745
0.0020675282
0.0015731734
0.0017073129
0.0022420746
0.0025866819
0.0024679299
0.0026438523
0.0021835791
0.0024159518
0.0026300824
0.00218475
0.0013406001
0.0015993353
0.0017308439
0.001238674
0.0021027306
0.0021534464
0.004118265
0.0028249165
0.001418261
0.0023540047
0.0021442622
0.0012408637
0.0013131209
0.0013952337
0.0012361507
0.0014272471
0.0014825905
0.000750191
0.009545795
0.005794129
0.0008343343
0.0033545336
0.011511792
0.0012132623
0.0016051088
0.0014215063
0.0012452978
0.0014826563
0.0012724829
0.0015297782
0.002266858
0.002173588
0.0018375923
0.001896328
0.0012989927
0.0023851532
0.0027390765
0.0027336406
0.0023438118
0.0025989062
0.0023694446
0.002352191
0.0023282964
0.002293159
0.0022878377
0.0023554615
0.002231671
0.0021086829
0.002012892
0.002325181
0.0019088943
0.002057394
0.0022653234
0.0013899024
0.0011307098
0.0007982929
0.0017969097
0.001625102
0.0009956814
0.0016447736
0.00042322368
0.0010237062
0.0007029644
9.338347e-05
0.0017510223
0.00043383025
0.00049017597
0.0002452779
0.00033804504
0.00013683498
0.0003324124
0.0024732787
0.00458409
0.0013099456
0.00046206822
0.0012115482
0.0053982534
0.0016143331
0.0016737977
0.0019548982
0.0013907447
0.0018147905
0.0026150742
0.0014907441
5.99047e-05
0.00044767014
0.0015573329
0.00083007535
0.0011433153
0.0012943721
0.0013491753
0.0006239486
0.0020872296
0.0020829402
0.00073718507
0.0023084125
0.0023195432
0.0024099294
0.002135046
0.0023159776
0.0024025252
0.0027703566
0.0006605515
0.0013586716
0.00052670005
0.00017760952
0.003324532
0.002220184
0.0022145836
0.0022809491
0.0021961192
0.0024745315
0.0021659094
0.0015525464
0.0018532003
0.0017501743
0.0014900572
0.0017560181
0.0016986426
0.0013513258
0.0020700428
0.0023872193
0.0012442323
0.001972844
0.0028852534
0.0029707712
0.0014161598
0.0017700461
0.0029165302
0.0023065913
0.0024661508
0.0017238203
0.0014767715
0.0015502778
0.0016434526
0.0015608467
0.0016400837
0.0015997826
0.0014145671
0.0011274435
0.0021791505
0.0020585037
0.0012530551
0.0023596468
0.001043108
0.00188313
0.0014162122
0.00045159258
0.0024942178
0.002260818
0.0011957169
0.001516758
0.0014689153
0.0010291723
0.0022922722
0.0005247361
0.0004425706
0.0003571523
0.00033201312
0.0004169593
0.00055191736
0.0007326753
0.0025581622
0.004225157
0.009115022
0.0033946824
0.006821463
0.002345869
0.0010791369
0.0013723574
0.0016005818
0.0016268671
0.0023124486
0.0022755545
0.002800008
0.0023106164
0.0024685164
0.0023438768
0.0016478687
0.0012826499
0.0014328726
0.00034737113
0.0018931081
0.00251708
0.0005516874
0.0013714671
0.002161808
0.00041272526
0.0022033548
0.0027278773
0.00024944262
0.00021890852
0.00044348263
0.00021966801
0.00028326278
0.0001820461
0.000160095
8.4418905e-05
0.0022258658
0.00021778657
0.0028134878
0.00394446
0.0010433134
0.0030342988
0.003306901
0.0031446628
0.0031202405
0.0033721584
0.0031258625
0.0013162773
0.0011701015
0.00078860356
0.002214161
0.0020744686
0.0010887457
0.0003371582
0.0005329902
0.00066322973
0.0002141921
0.00052898703
0.00079539197
0.0007135023
0.000396552
0.00051755767
0.0006561335
0.0005375417
0.000728161
0.0011615306
0.0016974957
0.0014736766
0.0011750031
0.0013905338
0.0012750799
0.00064713514
0.0009244923
0.00023753438
0.0005538065
0.0002958013
0.0012780919
0.003400252
0.000421447
0.0006112332
0.004537585
0.00020264067
0.0017929188
0.0016552408
0.0019380945
0.0020181513
0.0016932487
0.0020651033
0.0019830908
0.002981987
0.0025836779
0.002770782
0.002968546
0.0028763635
0.0029984303
0.00087337295
0.0006345722
0.00075152115
0.00075658475
0.0006775309
0.0009774065
0.0013109385
0.0041773114
0.004309051
0.0011537765
0.0028205053
0.0025420138
0.0017378688
0.0026364375
0.0012681087
0.0018706166
0.002238253
0.0011395784
0.0022832425
0.0018357264
0.0020135953
0.0018384013
0.0018569584
0.0025881752
0.0014612178
0.0009088775
0.0012061725
0.0017330489
0.0016361689
0.0021516434
0.0022066268
0.0023598243
0.0023896294
0.002262901
0.002328722
0.0024050607
0.0009964538
0.0020464447
0.0020788047
0.0012744967
0.0015193723
0.0013789212
0.00043922963
0.0010688799
0.0008193245
0.00056056073
0.0009061551
0.0005454505
0.0014122854
0.0018080428
0.0016038005
0.00137269
0.0016474259
0.0016667348
0.0015652627
0.0030550049
0.0025008272
0.0021028493
0.0029404946
0.0015615857
0.0014737167
0.0021583661
0.00029524288
0.0019485023
0.0029016123
0.00020330385
0.0008825149
0.0018989115
0.0019016803
0.0018678646
0.001528867
0.00055627956
0.0030770395
0.0021058174
0.0020765655
0.0027847774
0.0026083344
0.0025720573
0.002493561
0.004049801
0.004276889
0.0035924844
0.003295772
0.0027599642
0.0026189943
0.0013060168
0.0015237674
0.0027500405
0.0020708896
0.002056429
0.0009496968
0.00063499494
0.000759159
0.0009274419
0.00081496785
0.00095677713
0.0011962944
0.0012957946
0.0013100513
0.0011462807
0.001305537
0.0013619459
0.0014151364
0.00013999963
0.0005463533
0.0013928016
0.00077749183
0.0011962579
0.0004954515
0.00067179697
0.00060874573
0.00047919416
0.0005767173
0.00060800003
0.0010858895
0.0008567737
0.0009252183
0.0010396302
0.0009876495
0.001082537
0.0010898924
0.00090564677
0.00094331603
0.0009620219
0.0009865516
0.0011295415
0.001038489
0.00083714107
0.00082002865
0.00086877524
0.00086769264
0.0010266557
0.0024569295
0.0008582605
0.0020274783
0.0023703924
0.001257254
0.0021503053
0.0007996616
0.0005386292
0.0005619991
0.0005891113
0.00057288306
0.00076803484
1.790339e-05
0.0019826486
0.0013239485
0.0005314582
0.001552029
7.669704e-05
0.00080607587
0.00021883077
0.00035779751
0.0006676214
0.00037979445
0.0007051491
0.0008712751
0.0009716772
0.000969238
0.0009636803
0.0010036789
0.00088642474
0.00016832199
5.2512914e-05
6.336025e-05
0.00035809993
7.325445e-05
0.00010430748
0.003728359
0.0011373126
0.0016145542
0.004525799
0.0030195056
0.00277596
0.001291053
0.001032278
0.0011049255
0.0012422933
0.0011638434
0.0011612145
0.006687499
0.004062056
0.00057887053
0.011690676
0.0027752249
0.007202069
0.0013885647
0.00077359437
0.00089351094
0.0013351446
0.0010121738
0.0011858311
0.0020183201
0.00061740476
0.0011195246
0.0021152722
0.0011918861
0.0017480263
0.0016985601
0.0018328195
0.0019966522
0.0029010044
0.0018373976
0.0011115026
0.0012509791
0.002324384
0.00054095825
0.0019771026
0.002631265
0.00037470186
0.0015286467
0.001569772
0.0016122166
0.0013871434
0.0015485518
0.001682654
0.00038983882
0.0004558246
0.0004812868
0.00038820863
0.00042932577
0.0005081597
0.001354232
0.0013179062
0.0014104431
0.0010913206
0.0013253212
0.0014520477
0.0019925733
0.0013767282
0.0011502996
0.0012829709
0.0014502065
0.0016815638
0.0009145102
0.0009991104
0.000982123
0.0010585515
0.0010265313
0.00085520744
0.0016158004
0.00061269815
0.00048535294
0.002382005
0.002748916
0.00109991
0.0021432533
0.0031465685
0.002723613
0.0024698386
0.0031380882
0.002169763
0.0030856829
0.00081118033
0.0013116733
0.00035986607
0.00016214032
0.0034223371
0.0012664098
0.0015497268
0.0022469307
0.000869164
0.0016906781
0.0027660471
0.00060860993
0.0015148984
0.0013078398
0.0008671966
0.0011375775
0.0007977485
0.0019732437
0.0010731638
0.0013318174
0.0017641339
0.0014430069
0.0020405455
2.7501874e-05
0.0015628255
0.0015069811
0.000541965
0.0009907725
0.0008266081
0.004114029
0.0035625373
0.0042469935
0.0041060215
0.003540483
0.005047741
0.0012212263
0.0012324825
0.0012491771
0.0011380103
0.001232704
0.0013675316
0.00015974535
0.00014746416
0.0007319359
0.002037498
0.0016383973
0.0010324494
0.0019033512
0.0010098795
0.0011938016
0.0019210972
0.0014825509
0.0015942537
0.0014563946
0.0017741777
0.0022960305
0.001068571
0.0019188756
0.0027565896
0.0007778028
0.0006888133
0.0008434547
0.0007269262
0.00079432846
0.0009189974
0.0010775755
0.0009488681
0.0010371198
0.0010485247
0.0010506816
0.0011214324
0.00035723764
0.0004940982
5.555784e-06
0.0003216661
0.00040903004
0.0006223554
0.0009902338
0.0005657252
0.0008491792
0.0010726464
0.00074233755
0.0010106723
0.00018096143
0.00301452
0.00017606582
0.0029060205
0.0040029534
0.0008889461
0.00029250406
0.0018192776
0.0017829114
0.00052263914
0.0012343391
0.0009761397
0.0024300204
0.0017261005
0.001032039
0.004316731
0.0037853702
0.0009918697
0.0013937457
0.0018597299
0.0012310145
0.0018349162
0.0019669298
0.0009953879
0.0015730846
0.0014910732
0.0013161656
0.0021408568
0.0011511936
0.0008085744
0.002127934
0.002191733
0.0022936952
0.0018003316
0.002132047
0.0022732853
0.0006318961
0.00029247697
0.00042478886
0.0005979326
0.00045979072
0.0006637874
0.0010180366
0.00059339503
0.0005037256
0.0012500433
0.00070299587
0.00044957176
1.25810275e-05
5.8992264e-06
3.894841e-05
0.00014721631
0.000104865685
0.00025935078
0.00086555694
0.0007284969
0.0007980137
0.0008494967
0.0007539037
0.00080443604
0.0010835767
0.0012891127
0.0010115482
0.0010605854
0.001166453
0.0007173424
0.0014794634
0.0021137414
0.0021669073
0.001353459
0.0020596683
0.0019292971
0.0007905419
0.0013072528
0.0007603585
0.0004564804
0.00075327465
0.0007982701
0.0026963046
0.0025882942
0.0031029214
0.002216417
0.0021607797
0.0029862525
0.0010745842
0.0018416074
0.0017180211
0.0009515692
0.0014212071
0.0014993949
0.0010410601
0.002028741
0.00199609
0.0012489524
0.0019583835
0.0012978561
0.009153458
0.0040331185
0.005985914
0.009805891
0.00682121
0.008849021
0.00030992684
0.0028309824
0.002466627
0.0012635357
0.0021820848
0.00045357348
0.0025779083
0.0020626395
0.002263123
0.0026653681
0.002498304
0.002458153
0.0010083222
0.0009626533
0.0009867875
0.0009815529
0.00092745794
0.00097369956
0.0036205163
0.0034650292
0.0036983942
0.0031862254
0.0032230949
0.0036751197
0.0016628037
0.0014501513
0.0017030748
0.0017658912
0.0014348002
0.0015789779
0.0008213223
0.0009691774
0.00095108815
0.0006261228
0.0007768744
0.000862692
0.0010376954
0.0010548084
0.0011018864
0.00096969865
0.00094354356
0.0010937834
0.0022613953
0.0020460137
0.0029692587
0.0013875219
0.0013991607
0.0030754912
0.00076243625
0.00032157757
0.0006772652
0.00082418823
0.00044602458
0.00074972585
0.0028461863
0.0026973416
0.0028483986
0.0028545044
0.002762849
0.0029585492
0.0010739451
0.0010379673
0.0011400719
0.00094850245
0.00089428487
0.0011402873
0.0015613685
0.0019910752
0.0016425101
0.0020458917
0.002282448
0.0013942294
0.0024260604
0.002366946
0.0027232077
0.0022198646
0.0021160622
0.002568371
0.0009311053
0.000693293
0.0010012622
0.00076889974
0.0006568995
0.0011110946
0.0010980573
0.0007067968
0.0010363753
0.0010343196
0.0011510928
0.002034337
0.0027255132
0.0018259727
0.0026091796
0.0021252234
0.0014058826
0.0030474456
0.0022767591
0.0021490299
0.002389627
0.0018607124
0.0017425996
0.0025599846
0.002509923
0.0013885053
0.0022995418
0.001626801
0.0009820284
0.0028217477
0.0016748022
0.0012994311
0.0014111516
0.0014882683
0.0013748091
0.0017454044
0.0018583238
0.0021139402
0.0019287955
0.0020534138
0.0019063334
0.0013319454
0.001681251
0.0021400067
0.0023060378
0.0016009115
0.0018982785
0.0020694146
0.0022327984
0.0044575515
0.01083553
0.0145328175
0.0053984034
0.017146386
0.0007860462
0.00038474784
0.0008143117
0.00067183917
0.00043665094
0.0009883187
0.0019115905
0.0015370424
0.0019033249
0.002825293
0.0016844871
0.00031403993
0.0029039416
7.7944715e-05
0.001564297
0.0030960822
0.00072534836
0.0021527745
0.001881757
0.0025035276
0.0014607637
0.0015466079
0.0017876619
0.0015624505
0.001867085
0.002096946
0.0018326768
0.0020150803
0.001806843
0.0012430048
0.0013899878
0.0017455693
0.0014844257
0.0017121098
0.0017954678
0.0012297238
0.00279792
0.0012169612
0.002294204
0.002488814
0.0012080028
0.0029516292
0.0005531328
4.5945053e-05
0.0002738259
0.00037504276
6.8693356e-05
0.0005574626
0.00052047113
0.0007863557
0.00054404885
0.002434586
0.002067936
0.0007387607
0.00040327286
0.00036350495
0.00042528415
0.00052470947
0.00043613813
0.00046763886
0.0016154696
0.0019530206
0.001367515
0.0021418973
0.0021656738
0.0013752148
0.00052679016
0.0005438326
0.0005793407
0.00045608796
0.0004849878
0.0004941831
0.0010928229
0.0013658392
0.0011551373
0.0010356304
0.0012446351
0.0010923077
0.0015480737
0.0018510802
0.0021654922
0.0016117817
0.002014522
0.0020857528
0.0038700951
0.0011666438
0.0012302841
0.006578543
0.0002915284
0.0040166755
0.0013987763
0.00073174713
0.0012861267
0.0019639588
0.0016690802
0.0020921924
0.0022119933
0.0023173755
0.0023595048
0.0020935403
0.002318063
0.002268064
0.0010269372
0.0010367826
0.00079382333
0.0010451624
0.0013134741
0.0008041807
0.0011181852
0.0007972872
0.0019048885
0.0011954068
0.0012104127
0.0016142116
0.0017663758
0.0014708885
0.0018749572
0.0018085525
0.001631688
0.0015142452
0.000549266
0.00093249656
0.0006971189
0.0004647907
0.0006500768
0.00050381315
0.0040577794
0.002276657
0.0033175244
1.6647366e-05
0.0012941491
0.0057120663
0.00086322566
0.0008574377
0.0009851187
0.0006215311
0.00074580574
0.0010533129
0.0017781818
0.0014112872
0.0014270917
0.0007196569
0.0012410654
0.0020859293
0.0015076909
0.0015670442
0.0009865058
0.002258731
0.0021860946
0.0010049954
0.0009444251
0.00030340796
0.0008528403
0.00044286752
0.00014487044
0.0011673624
0.0011692869
0.0010540697
0.0011122345
0.0011527621
0.0010836452
0.0010949072
0.003012324
0.0014871465
0.00374101
0.0021207742
0.0030514211
0.0057686223
0.0006457759
0.0010808973
0.00041108803
0.0009466663
0.0010860116
0.00011213871
0.0015302281
0.00039050262
0.00019083652
0.0017759386
0.0013289992
0.0010550215
0.004120403
0.00370342
0.00413536
0.004000855
0.0039645047
0.0042062406
0.0024326218
0.0018343878
0.0013284077
0.002656992
0.002492056
0.0016045615
0.0010684538
0.00044028988
0.0002751335
0.001293764
0.001096421
0.00069225475
0.000112597816
8.345955e-05
0.00045460337
0.00038148847
9.036602e-05
7.476945e-05
0.0022788527
0.0010745858
0.0008441513
0.0025566907
0.0020932336
0.001640718
0.002451379
0.0024745592
0.0022909194
0.0025629946
0.002592034
0.0024395767
0.002673946
0.0018264408
0.001374799
0.0030702758
0.0027000555
0.001946577
0.00090720155
0.00045974177
6.7784735e-05
0.001274659
0.0010240809
0.00026945843
0.0020946905
0.0016827309
0.0022587774
0.0021988826
0.0019648755
0.0024609086
0.0013475055
0.0066078613
0.0023928056
0.008942809
0.0008960827
0.0038743021
0.0026678168
0.0026104345
0.0026478705
0.0026047057
0.0026823631
0.002587745
0.002358088
0.0024700009
0.0024061576
0.00173043
0.002300141
0.0027438118
0.0019698031
0.0014343222
0.0026734588
0.0028659564
0.003511976
0.0024758144
0.0017885042
0.0025290388
0.0027101305
0.00082808314
0.001509196
0.002234224
0.001436422
0.0011960258
0.00033263868
0.002982641
0.0029795917
0.0011552274
0.0015962486
0.0028673394
0.0009321846
0.002049762
0.0025512523
0.0003464115
0.0016575747
0.0020354863
0.0006741221
0.0018254716
0.0024415099
0.0005849896
0.0006615288
0.0005823723
0.0007268743
0.0004994323
0.0005106241
0.00073516084
0.0023901672
0.0022723845
0.0023307886
0.00232385
0.0022511457
0.0024055482
0.0014503995
0.0010770477
0.00031460339
0.002397737
0.0023428726
0.00056305283
0.0036757689
0.0051898654
2.0988226e-05
0.007037289
0.0015557968
0.016609149
0.0013625029
0.002554433
0.0019119642
0.00068521366
0.0020516745
0.0019896226
0.0024100759
0.0021727032
0.0024360304
0.0029229969
0.0024523877
0.002317964
0.0010364184
0.0011408175
0.0005074365
0.0009995996
0.0014140757
0.0006044542
0.0026737384
0.0025944794
0.0025080123
0.002798978
0.002818452
0.0026049644
0.0016967851
0.0017051658
0.0017289534
0.0015701255
0.0016606629
0.0017746178
0.0029387188
0.004662642
0.0045005893
0.0040823
0.004209977
0.0021622402
0.001274769
0.00017108767
0.00017883422
0.0031749262
0.0024879545
0.00096201035
0.0017153723
0.0005646695
0.00031019712
0.0021053606
0.001823414
0.0010982713
0.0020241155
0.0017973152
0.0021158666
0.0020674372
0.001994987
0.0021725523
0.001471132
0.0005958575
0.0011726896
0.0012209233
0.0012299509
0.0013823546
0.0005584896
0.00058455166
0.0006571695
0.00053815666
0.0006339617
0.00061455206
0.012925835
0.00022602228
0.014469392
0.016826987
0.0022803878
0.022820504
0.00013615837
0.00053434644
0.0001632137
0.00028855412
8.20462e-05
0.00011783071
0.006396946
0.02515593
0.0070691523
0.026619513
0.0035259605
0.006397321
0.0014692527
0.0029070748
0.0018559251
0.0017117056
0.0020437753
0.0007889189
0.00030988493
0.0009841378
0.0010198205
0.00048189837
0.00014976031
0.0011537316
0.011926704
0.023114996
0.019358888
0.011003422
0.015190811
0.013174802
0.00048091463
0.0010303275
0.0006760888
0.0004971594
0.0005790498
0.0002144748
0.009150924
0.006504186
0.010928033
0.00374854
0.005811934
0.016240424
0.0044104946
0.006794183
0.0068341396
0.0027540473
0.004413544
0.0064613726
6.126965e-05
0.00022131261
0.00026431907
0.00018528597
6.6020824e-05
9.886422e-05
0.00016362786
0.0026356813
0.00042490932
0.00093658257
0.0015710297
0.002690267
0.016384663
0.023610277
0.02247256
0.011127957
0.01668292
0.02179171
0.023840347
0.029807445
0.03431457
0.021364491
0.023722908
0.031870157
0.001724054
0.0017912983
0.0019434645
0.0017310051
0.0017717298
0.001961527
0.00078600494
0.00039991303
0.00059292995
0.0007772503
0.0005934734
0.00074673444
0.0024625172
0.0025969346
0.0024410842
0.0023312038
0.0018658334
0.0024617119
0.0014356695
0.0017119952
0.004800856
0.0006810256
0.0023535667
0.006007498
0.0019465452
0.0018283378
0.0019396781
0.0022227415
0.0020968472
0.0019724811
5.48404e-06
0.00016426755
1.1920605e-06
0.0004017571
0.00019075192
3.2423377e-05
0.0018223424
0.0027277542
0.0012407808
0.0020809271
0.002444708
0.0007353184
0.00052079215
0.0001842958
0.000507928
0.00044474754
0.0003324644
0.00074166094
8.929477e-05
3.3020417e-05
3.683487e-05
0.00015166432
4.2621068e-05
5.1138897e-05
0.0022092704
0.0018799708
0.0019232489
0.0020996856
0.0018774364
0.0021117004
0.0015844619
0.0013607127
0.002021211
0.0013953315
0.0018228603
0.002640473
0.0018204729
0.0018284565
0.0019981007
0.0017603334
0.001744859
0.0019146645
0.00042625965
0.00024069374
0.00024074754
0.00060298224
0.00051197404
0.00010323549
0.0007184278
0.00237949
0.0021859484
0.001207315
0.001784971
0.00068401743
0.0019752511
0.0022298312
0.0021060717
0.0021892183
0.0020927
0.0016627007
0.014549036
0.018479822
0.02034149
0.007682628
0.012937989
0.022777742
0.0035128307
0.004111639
0.0055862726
0.0016044793
0.0026899925
0.0064574587
0.019966489
0.014113488
0.027164625
0.023331674
0.017484874
0.026726423
0.020365413
0.031307973
0.030660661
0.017230092
0.022242472
0.02604719
7.336441e-05
0.00012204286
0.0003364012
0.00017139314
5.9547478e-05
0.0004126652
0.00028934723
5.7481498e-06
2.2498087e-05
0.0004793995
0.00037824336
6.284332e-05
0.0012968344
0.009104555
0.0041251536
0.003712323
0.005044579
0.0024138356
0.00039271527
0.001118128
0.0008792009
9.3238916e-05
0.0004518715
0.0007436526
0.00036864012
2.6883486e-05
0.00021798469
0.0007593646
0.00018628773
0.00045301972
0.0024044916
0.0017855931
0.0023519036
0.0025764678
0.0022925213
0.0026168602
0.000104018494
2.2529912e-05
2.6106152e-05
8.322478e-05
1.8002102e-05
0.00014638399
0.002291198
0.0026020624
0.0024188715
0.0016115641
0.0023119256
0.0027673377
0.0015514115
0.001259166
0.0015320315
0.0015791226
0.0013226861
0.0014711664
0.0024904436
0.001767068
0.0024202622
0.002797544
0.002414563
0.0026710622
0.0016267544
0.0014945031
0.0016882209
0.0015008457
0.0015100089
0.0017965845
0.0012725814
0.0011858786
0.0009997634
0.0012326593
0.0012788953
0.00079677714
0.0027498866
0.006654616
0.0034552447
0.006624749
0.0012294981
0.005871154
0.0008120459
0.0007151091
0.0006663428
0.0009377895
0.00094861543
0.0004811305
0.0009225923
0.0005123082
0.0009239644
0.00089080416
0.0006397538
0.0010531961
0.0006959654
0.0033494625
0.0071892617
0.007299965
0.004708856
0.0040591625
0.0003901966
0.00068481575
0.0004988864
0.0003985344
0.0004462746
0.00029948037
0.00022220147
0.00043024315
0.0004839316
0.000121977864
3.3112549e-06
0.00041764713
0.0019297034
0.00078794727
0.0016192505
0.0011772581
0.00044400833
0.0021907405
0.0009798694
0.0004356209
0.00097071216
0.00028015024
5.0917733e-05
0.0013908698
0.0009508828
0.0006283993
0.00064901874
0.0010223862
0.00085303315
0.0008107336
0.018465633
0.11511367
0.23259686
0.023539465
0.0131198475
0.5290624
0.0023188188
0.0023433357
0.0023946846
0.0020420444
0.0022963248
0.0026531196
0.005943383
0.011988274
0.008219149
0.0051287655
0.0080355955
0.0051577333
0.00078798464
0.0011128124
1.4251192e-05
0.002574424
0.0016469427
0.0011102206
0.0019982809
0.0012560423
0.002121878
0.002372052
0.0018751044
0.0022902568
0.0013425358
0.0014556046
0.0015373637
0.0011909456
0.0012740282
0.0015074897
0.002351759
0.0021924335
0.0021921552
0.0021080982
0.0021223645
0.002113765
0.001706001
0.0018026895
0.0016166532
0.0016348811
0.0017794711
0.0017965279
0.00185858
0.0010256459
0.0015835796
0.0017566789
0.0018321414
0.0021317285
0.0009324159
0.00058341504
0.0006479542
0.00087797904
0.00073857215
0.00071653206
0.00093655137
0.00020603566
0.00020824771
0.0012520192
0.000887097
0.00038633298
0.0007762043
0.0021938614
0.0025224402
0.0010389183
0.0018261696
0.0018813291
0.03187668
0.16500735
0.0053438265
0.028725866
0.0005926025
0.039038807
0.00022219226
7.927689e-05
5.138008e-05
0.00031776866
0.00023995637
1.9967696e-05
0.0016890228
0.0007737983
0.0028276558
0.0012685776
0.0010559941
0.004241611
0.0017257568
0.00048632539
0.0013539761
0.002188495
0.0017067929
0.0019321047
0.0019400166
0.002050801
0.001813861
0.002043205
0.0019614103
0.0017568007
0.0010301059
0.001133248
0.0011613845
0.0008775729
0.0009491671
0.0012026028
0.00086657674
0.0014540663
0.0007804167
0.0015786722
0.0019701319
0.0006750019
0.001450008
0.001261426
0.00085334596
0.0002782693
0.00087105366
0.0019172528
0.0024188946
0.00069841754
0.0017496668
0.0023614757
0.0010283617
0.0019658757
0.004529308
0.01913761
0.014622305
0.007973318
0.01900919
0.018709442
0.0010985263
0.0015325592
0.0016427425
0.0012846505
0.0013631487
0.0014337922
0.0005287912
0.001847418
0.0006184886
0.0006394628
0.00074098614
0.0011217741
0.00019438931
0.00032725383
0.00011414961
0.00065234135
5.1130108e-05
0.0002332492
0.0008588532
0.000110488116
0.00013362554
0.000961696
0.0006644943
0.0006258924
0.0037788474
0.003912986
0.0037913427
0.0042853775
0.0037020303
0.003620142
6.175665e-05
0.00012220907
0.00015540472
6.879503e-05
0.00015714281
0.00011170306
0.00015843233
2.563011e-06
0.000110390065
0.00013881973
7.122789e-05
0.00032730133
0.00305899
0.0027289449
0.002729935
0.0031874368
0.0028912413
0.0029077816
0.0026603309
0.002329742
0.0030498293
0.0022420338
0.002122743
0.0030504633
0.001432719
0.0020231053
0.00054933835
0.001329957
0.0016148504
0.0002945914
0.00058813166
0.001389108
0.0010420597
0.000518499
0.0016932989
0.0010539956
0.0019521066
0.0027753294
0.0017982218
0.0017061732
0.0020905733
0.0012746828
0.0013305742
0.0020626895
0.0007871873
0.0018509339
0.0022088424
0.0008141011
0.0025058708
0.0017461382
0.0009182515
0.0029785375
0.0029635213
0.0016477006
0.002522528
0.0020211688
0.001504815
0.0028013333
0.0025641304
0.0019239708
0.002606419
0.0015572243
0.0011707525
0.0029405882
0.0025579778
0.0018178088
0.0018132267
0.002149862
0.0015536442
0.00201301
0.0021451707
0.0013546579
0.000986739
0.0027081284
0.0030153808
0.013587727
0.006370154
0.0029340282
0.00357801
0.007408615
0.008874412
0.0049502607
0.0059137475
0.0060858703
0.0011755903
0.0008434233
0.001204649
0.001184803
0.00092878
0.001342998
0.002291728
0.0023484323
0.0015049892
0.0023883192
0.0024610863
0.0018661073
0.00016737185
0.0027532477
0.0009135415
0.0014683541
0.0005760871
0.0020115685
0.00023678917
0.00030792717
0.00029024592
6.486027e-05
0.0002014238
0.0003696151
0.0006941153
0.00090009015
0.0020528222
0.00054063986
0.0004897183
0.0022375418
0.00073471677
0.0007088624
0.0007837058
0.0007328945
0.0007367048
0.0007875258
0.002560698
0.0034286212
0.0014370439
0.0017590475
0.0029312524
0.0010206703
0.00036968302
0.00026814462
0.0004377139
0.00037600752
0.00036745265
0.00049926346
0.0009898315
0.0023584177
0.0022214747
0.001221671
0.0015354685
0.001354391
0.00064219395
0.00017535199
0.00445323
0.0010255168
0.0004306421
0.005889476
0.0009586897
0.0007317822
0.00084500865
0.00093247805
0.0008876638
0.0013150504
0.0001253478
0.001462448
0.0014274126
0.000485813
0.00091898604
0.00093354756
0.00053111097
0.0034804493
0.005892797
0.0012616003
0.002897194
0.0045159506
0.001621317
0.0014309403
0.0016556772
0.0014285602
0.0012427415
0.0018690258
0.00048014676
0.0006450734
0.0005532004
0.00045724705
0.00051965704
0.00045946825
0.002536627
0.0048772763
0.001467756
0.0027383226
0.0038793709
0.00033358324
0.0021197563
0.0020306783
0.0021212348
0.0032341832
0.0020349894
0.002162925
9.097725e-05
0.00039444267
9.559377e-05
5.458941e-06
0.00024308397
0.00014135557
0.0017633848
0.0017226771
0.003623473
0.00030256156
0.0006319309
0.0045695715
0.009631551
0.027358666
0.01497468
0.008868798
0.01650367
0.006688331
0.009637139
0.020168837
0.014398468
0.009082919
0.01386482
0.010334997
0.0018403181
0.006264975
0.0037304477
0.0010109274
0.0031327077
0.0020626162
0.011842103
0.039356433
0.022173744
0.003943529
0.017089076
0.010460491
0.00024270495
0.00024200995
0.00010404674
0.00036526963
0.00027102148
0.00012353709
0.00030090145
0.0024754403
0.0030092397
0.00046200238
0.0014433548
0.0018148221
0.0036932763
0.0052548614
0.0031622397
0.0030489557
0.0038268361
0.0029539904
0.0022392122
0.0018663161
0.0022412625
0.0023844657
0.002221932
0.002436505
0.0023460225
0.0013445237
0.0022517643
0.002039485
0.0013654544
0.0025284938
0.010850878
0.0059141144
0.009233152
0.008347633
0.006889446
0.014025587
0.016625283
0.009610875
0.005183278
0.003522478
0.004292636
0.035990138
0.0016994744
0.0012761166
0.00045107698
0.0005431132
8.309439e-06
0.0033755573
0.0004390716
0.00043692175
0.00047230884
0.000412375
0.00047650802
0.0002934418
0.0062253214
0.005181295
0.0088458825
0.001554235
0.004470226
0.013543694
0.020962149
0.008331612
0.019675318
0.010165504
0.01218552
0.036792763
0.0002021322
0.00012856147
0.00012041924
0.00021699305
0.00026901293
6.231995e-05
0.00028934132
0.0002698422
0.00020882163
4.2505712e-07
0.0001533388
0.00073644525
0.0032188448
0.0033100368
0.0025334544
0.0050060037
0.0047167093
0.0020097157
0.0005041264
0.0006274985
0.00053791073
0.00046444824
0.0005509701
0.00051186804
0.0024322888
2.4378556e-05
0.0005225531
5.7392346e-05
0.00038537028
0.0032818527
0.0019477234
0.001982137
0.0017671569
0.0014046689
0.0015926901
0.0021557922
0.00093270163
0.0009811197
0.001006743
0.0006765436
0.0006141267
0.00095099735
0.00029983083
0.0053909733
0.0017882618
0.0019168303
0.0046429974
0.004292407
0.0019421364
0.001526821
0.0018277768
0.0021125288
0.001976724
0.0021376272
0.0016678862
0.0011613988
0.0016170572
0.0018270287
0.0014911249
0.0017753836
0.00118725
0.0013125315
0.0013404036
0.001165264
0.0011745235
0.0012471077
0.0020329128
0.005500694
0.00045585615
0.0031734577
0.0046679233
0.0014185931
0.00059824344
0.0056130807
0.00049323693
0.0010339059
0.0030303285
0.0014232243
0.0020675834
0.015561308
0.007906731
0.0016781329
0.005622379
0.014243807
0.0034402125
0.0035702055
0.0039102603
0.0031415194
0.0034085324
0.0039606174
0.0012998021
3.143733e-05
0.0007742148
0.0028986884
0.002273461
0.0023711715
0.00019407204
0.0023386395
0.00011118496
0.001040465
0.00029292953
0.0010654996
0.006852072
0.017933285
0.002550524
0.007213555
0.011778377
0.00031241452
0.0018419862
0.0023499583
0.0019074425
0.0018711396
0.001931195
0.0014456385
0.0021009818
0.0026103717
0.0022781086
0.002182703
0.002215903
0.0017597442
0.0027022853
0.002864708
0.0028962162
0.0027192978
0.0027841802
0.0025535498
0.002408411
0.002740445
0.0025811626
0.0024917775
0.0023872615
0.0023592762
0.0017113909
0.002343802
0.0019840277
0.0018857784
0.002010748
0.0016049101
0.00041003674
0.00043820395
0.00039499855
0.0004357394
0.00048316314
0.00040473533
0.000971774
0.0013724876
0.0010755208
0.00095566374
0.00093184604
0.0005963524
0.0041750604
0.0065943017
0.005109288
0.004791117
0.005717938
0.0033273266
0.0022724227
0.0010126116
0.0019598447
0.001585274
0.0010831618
0.0023883188
0.001954385
0.0029243054
0.0024417308
0.0021861698
0.0028643953
0.0019326144
0.0015246759
0.0018452322
0.0016996238
0.0013647883
0.0016206274
0.0014558635
0.0004160031
0.0025579245
0.0025067653
0.0010872006
0.0014310336
0.0006175236
0.0022334727
0.001986175
0.0021129262
0.002899952
0.0021322025
0.0023571951
0.0020376465
0.0015810141
0.0015955042
0.00037881878
0.00048843474
0.002502046
0.0028473672
0.0009538608
0.0017885893
0.0038680206
0.0015309938
0.0012677707
0.001127704
0.00043800654
0.0014233046
0.0016350708
0.001045871
0.0014953631
0.0024178163
0.00074706506
0.0016799778
0.0025202963
0.0010114406
0.0018952616
0.0021548173
0.002395603
0.0021563729
0.0022930626
0.0022702646
0.0017311758
0.0019390219
0.0022043828
0.0019433803
0.0021278195
0.0020515071
0.0015826286
0.00030694212
0.0006381437
0.00042577478
0.00040526787
0.0005516277
7.2596275e-05
0.0008315437
0.001046939
0.0008818797
0.0010440768
0.0011503927
0.0007819164
0.00035845052
0.002525671
0.001868063
0.0013683573
0.0012096404
0.00046590582
0.0003040849
0.000190128
0.00018345367
0.00043862595
0.00034314516
0.00016872598
0.000518568
0.0005031165
4.9895625e-05
0.00065225066
0.00017355474
0.0003485182
0.00051581516
0.0004826953
0.00045000587
0.00063934724
0.000490088
0.0005079852
0.0026833087
0.0025171568
0.0025917431
0.002864137
0.0026702036
0.002595341
0.00065204134
6.639567e-05
0.00028676676
0.00042120926
0.00024148806
0.0009892643
0.0020219518
0.002137746
0.0019170726
0.0021255033
0.002131828
0.0016380858
0.0018643185
0.0007686248
0.0017743626
0.002132405
0.0017072571
0.0022761484
0.00076092314
0.013200445
0.0064564017
0.0059400615
0.00089955365
0.0008932643
0.0016940349
0.0019320323
0.0017132971
0.0016613515
0.0017102425
0.0016258534
0.0022464392
0.0023722816
0.0023439967
0.002315403
0.0024101615
0.0023316466
0.003548993
0.0050243735
0.004807402
0.0009860086
0.0008364132
0.007902531
0.0023059817
0.0025218616
0.0020413385
0.00255715
0.0022578307
0.0014524134
0.0016001213
0.001572991
0.0015149338
0.001646231
0.0016291206
0.0014278847
0.0010625048
0.0015811032
0.0008427737
0.0014858291
0.0014453396
0.00058679894
0.0013454526
0.002257468
0.0017474078
0.0016224562
0.0015233177
0.0007371149
0.0020408425
0.0013989079
0.0020049273
0.0023290617
0.0020361964
0.0023364807
0.0011995268
0.0011482136
0.0009412974
0.0013519439
0.0013662812
0.0011286738
0.0014614569
0.0005380855
0.0009880798
0.0024488298
0.0016190399
0.001696686
0.0012282023
0.0014413485
0.0012366639
0.0012951047
0.0013178927
0.0011406624
0.0019748088
0.0014603735
0.0017130333
0.0018534
0.0019720912
0.0026611297
0.00015540277
0.0003060411
0.00010056637
0.00016919128
8.9726505e-05
0.00012874175
0.00037975464
0.00034156875
0.00032281666
0.0004608456
0.00039355873
0.0002494828
0.00213332
0.0018242933
0.0019077555
0.0017893866
0.0017440945
0.002310532
0.0018754504
0.0019576699
0.0014053151
0.0019251264
0.0020055452
0.0015615136
0.0010552634
0.0011350701
0.0009460016
0.0011521678
0.0010729197
0.00088136736
0.0006676385
0.00035988362
0.0006759399
0.0005915401
0.0005316558
0.0008333644
0.00224935
0.002073506
0.001294546
0.0025089597
0.0025330763
0.0015921119
0.018841436
0.025252432
0.06935727
0.028588312
0.012090825
0.03887435
0.00037982984
0.0010490651
0.0005620501
0.00088822754
0.00083888957
0.000335911
0.0021081015
0.0015638408
0.0020064465
0.0022603087
0.0020513525
0.0023153452
0.0011842073
0.001555641
0.0012750778
0.001967402
0.0017794552
0.00069001794
0.0005635979
0.0006195129
0.0005716677
0.0005872645
0.0005951794
0.0005178696
0.004547972
0.0019978567
0.0029767435
0.006568041
0.0029190434
0.0018352602
0.006783786
0.0089878645
0.025685295
0.021094536
0.009224161
0.032811526
0.00034374095
0.0030089326
0.0016083464
5.0367657e-05
0.00033678566
0.0047052694
0.0005430978
0.000711017
0.00060054444
0.0006120555
0.00065754127
0.0005657086
0.0022548754
0.0018799711
0.0021204029
0.0023579728
0.0022357188
0.002360787
0.002068671
0.0021357494
0.0022652016
0.0020246813
0.002107761
0.0022260973
0.0010241137
0.0009313702
0.0010682747
0.0008892124
0.0009863456
0.0011367844
0.00085033
0.0012562368
0.0012077275
0.0008511904
0.0011560802
0.00081789045
0.0037022978
0.011246846
0.0023392974
0.005221009
0.006101346
0.0008530429
0.0026375137
0.00030030758
0.00019493696
0.0032109856
0.0007014998
0.0008785027
0.002053575
0.0019087001
0.002116658
0.0021974307
0.0021926141
0.0022752478
0.00046127103
0.0010626302
0.00054937316
0.0004925711
0.00067373
0.00037449496
5.95719e-05
0.00015234426
0.00037920763
0.0008146412
0.00047538208
0.0009203096
0.006943133
0.0021078691
0.0038715063
0.0072713518
0.0019135808
0.0046044723
0.0005718895
0.0006449246
0.00016193914
0.00074204657
0.00077980524
0.00018343078
0.0017307866
0.0016908359
0.0017501032
0.0018801156
0.0017461278
0.0016350126
0.0012848969
0.00152877
0.0014759894
0.0011945899
0.0014197256
0.0014524483
0.0018400606
0.00048809458
0.001510211
9.458557e-05
0.00067044096
0.003983177
0.00055237877
0.0016088206
0.0018430739
0.005046784
0.0013378101
0.0027034776
0.0008235772
0.00182979
0.0006542059
0.00095797755
0.0013888193
0.0009385271
0.0020942178
0.001896584
0.0018972208
0.0022893276
0.0022815259
0.002070406
0.0023663982
0.0020582771
0.002256105
0.0023482756
0.0023686509
0.002351621
0.006531564
0.0010580018
0.0008192449
0.0045745596
0.00018183638
0.0047089187
0.001251015
0.001546591
0.0013027596
0.001313892
0.0015658838
0.0012147208
0.00042845268
0.00013898427
0.00032670057
0.0003982994
0.00028745635
0.00033516216
0.0019462025
0.0016726445
0.0017124815
0.0019284457
0.0019314283
0.001781152
0.0015239539
0.0016225782
0.0012113916
0.001990563
0.0019623174
0.001276098
0.0025740548
0.0023470307
0.002493527
0.002633685
0.0025910395
0.0025654924
0.0023571956
0.0023751978
0.002230226
0.002379855
0.0023261048
0.0021879761
0.00042458868
0.0018637886
0.0016359261
0.0010006477
0.0014717676
0.00044844177
0.0005358077
0.0002820292
0.00030997634
0.0034327644
0.00020789588
0.0007485469
0.0034396795
0.0022742338
0.002160222
0.0017814921
0.00058721483
0.010558132
0.0022543138
0.005490556
0.000575408
0.0041605993
0.0025624146
0.00028607802
0.0016088863
0.0023351202
0.0006502231
0.002428354
0.00259376
0.00030283455
0.0020031226
0.0034227811
0.002153581
0.0025073953
0.0030220416
0.0014185006
0.00063973304
0.00032518615
0.001669419
1.4580112e-05
0.0008908508
0.0032012966
0.002651309
0.0025243156
0.0025758168
0.0027790214
0.0025926582
0.0026282084
0.0006933052
0.0013977826
0.0009072524
0.0010521269
0.001383265
0.00044436892
0.0002100385
0.00020133595
0.00016856994
0.0006005582
0.0003511452
2.2653169e-06
0.0011108961
0.0006512744
0.0006882796
0.00304001
0.0007871571
0.000463151
0.0017122772
0.001909907
0.002321039
0.0031034178
0.00037448973
0.005214287
0.000846179
0.0009636332
0.0009836756
0.0008393977
0.00097371876
0.0008489104
0.0018107005
0.0014900015
0.0015536497
0.0033181745
0.0016101516
0.0014735543
0.00059631997
0.00080247404
0.00064087124
0.00072366046
0.00071684585
0.00057853805
0.0003882873
0.0004450428
0.0024150556
0.0007970755
0.00081836875
0.0052090576
0.0012865944
0.0023471185
0.0017013865
0.0016549382
0.002141671
0.0010948117
0.0022954806
0.002320964
0.0007278186
0.0036106491
0.0005535524
0.0010649291
0.000980045
0.001087632
0.001074725
0.0008992055
0.0009843216
0.0009479772
0.005052013
0.007912762
0.0044110334
0.013736873
0.0040727244
0.00410742
0.0022485587
0.0021838993
0.0023057344
0.0031442915
0.0022177643
0.0024463807
0.0004248808
0.00020696719
0.00016922342
0.0006836263
0.00034526584
0.00030170943
0.0012264033
0.0004079273
0.0026089735
4.441585e-05
0.0013876981
0.0048897294
0.0021297757
0.0025782064
0.0012544716
0.0026720127
0.0026520558
0.00089784095
0.0022770013
0.0020895537
0.002247266
0.0029415
0.002187336
0.0024869354
0.0018026072
0.0017731233
0.0021260167
0.0018803893
0.002183462
0.0025244015
0.0037517054
0.00070878665
0.00030892575
0.0055752387
0.0005089553
0.0010227431
8.47353e-05
0.0014517297
0.0012731606
0.00045829098
0.0010753726
0.00064503157
0.0011397942
0.0019710297
0.0023404746
0.0008970993
0.0017423774
0.0025545484
0.0013735557
0.0015622446
0.0013754289
0.0015108216
0.0015446151
0.0012789126
0.0010988081
0.0010353975
0.0025925192
0.00014520466
0.0013897336
0.0040187715
0.00079183426
0.0008396962
0.0007317678
0.00094084657
0.00090174424
0.0006066077
0.0021174722
0.0019140108
0.001988323
0.002785448
0.0020688474
0.002190438
0.0021373394
0.00093935966
0.001340732
0.0026630235
9.19612e-05
0.0014499726
0.00040923216
1.7466313e-05
0.00038718968
0.00050590007
0.0003617761
4.0551797e-05
0.0020081992
0.0017665242
0.0018284713
0.0025955092
0.0019467174
0.0020237148
0.00082804007
0.0010738918
0.0009348051
0.00087407976
0.0009617452
0.0008627398
0.004951967
0.0035197325
0.0041024233
0.0047312127
0.003923475
0.0055551594
0.0018477278
0.0015849493
0.0016431157
0.0024113257
0.0017759934
0.0018409666
0.00036489547
0.0004923505
0.00045812072
0.00014609758
0.00030677524
0.0005325234
0.0006761311
9.2619164e-05
0.0014916003
0.00037744682
0.0007401068
0.0029813289
0.0006919158
0.00072034413
0.00071022287
0.0007774776
0.0007879184
0.0005983774
0.0016336101
0.001421505
0.0014304924
0.002178891
0.0015947535
0.0015895067
0.00780841
0.012226047
0.008731383
0.010139067
0.011318312
0.006239628
0.0022429687
0.0026193508
0.0024684141
0.0021896197
0.00240913
0.002374033
0.002972386
0.003026555
0.0030143168
0.0029855256
0.0029720508
0.0029781747
0.0019536999
0.0023770512
0.002002244
0.0022744087
0.00204619
0.0012502985
0.00012331078
0.00076897186
0.0005011377
0.0013546995
0.0003527245
0.002082964
0.00043221054
0.0017373391
0.0010966505
0.0014725804
1.3099823e-05
6.737139e-05
0.0022131293
0.0025270556
0.0024745613
0.0021286053
0.0023109266
0.0022097784
0.0012173124
0.0016343172
0.0007027615
0.0020617757
0.0013092906
0.00053133053
0.0024852634
0.006879348
0.006800827
0.0030401696
0.0041739037
0.00412085
0.00195504
0.0021404524
0.0015829325
0.0025379618
0.0019543676
0.0006934779
0.0014555914
0.00066359184
0.0009846858
0.0021330633
2.0595002e-05
0.00088930276
0.001829553
0.0023408302
0.0019348039
0.0016827786
0.002128919
0.0018612662
0.002257539
0.002403205
0.0020385117
0.0026610487
0.002214512
0.0013627261
0.002330888
0.002388775
0.0022856684
0.0024893289
0.0022970736
0.0021652237
0.0025586965
0.0027906452
0.0026217184
0.0027179858
0.0027509495
0.002514874
0.0023300175
0.0025103858
0.0022202912
0.0026419803
0.002302164
0.0016563141
0.0008725965
0.00011664565
4.9943005e-06
0.0015926034
0.0010143113
0.00031350733
0.002266283
0.0024645936
0.002253258
0.0024665399
0.0022563562
0.0017860938
0.0021262162
0.0024489393
0.0022586712
0.0022658953
0.0021976593
0.0018169463
0.002030494
0.002502223
0.0022359593
0.0021032228
0.0021555624
0.0017479009
0.0019200104
0.0023317866
0.0020232683
0.0022368021
0.002100464
0.0015490863
0.00055343576
0.00024082056
0.0001607467
0.0005215326
0.00046582965
0.00066485984
0.002442333
0.0016436175
0.0012169997
0.002834401
0.00205377
0.0011236733
0.0004006868
0.0023306003
0.0028146077
0.00013500029
0.0013444187
0.0021785658
0.00089435925
0.0010484605
0.0009653938
0.0010463205
0.0011217206
0.00090565754
0.0021310423
0.0022147836
0.0021728475
0.0020614457
0.0022035083
0.0021086212
0.0009979483
0.00086809497
0.00090098666
0.00095195416
0.0009144545
0.0010538738
0.00179047
0.0022950694
0.0019800882
0.0020720065
0.0019379635
0.001389027
0.0006430593
0.00073669385
0.00041777824
0.0016364804
6.625125e-05
5.98947e-05
0.0023342564
0.0009874487
0.0018135972
0.0026793699
0.0012900262
0.0018698471
0.0025036035
0.002255304
0.0022110264
0.0013430238
0.0012529057
0.0025041497
0.00089606474
0.0033526937
0.004753898
0.0009036278
0.0013533009
0.0004292436
2.4975694e-05
0.0001082422
8.773665e-05
0.0001329981
0.00016964733
2.777463e-05
0.00046942546
0.0012122706
0.00061231747
0.0006362351
0.0007442122
0.0013070139
0.0019728462
0.0013597434
0.0017256001
0.0019761736
0.0016086355
0.0021307457
0.0020339268
0.0023628487
0.0022073274
0.0021996773
0.002181795
0.0017994596
0.0024942812
0.00048486184
0.0012785427
0.0011652934
0.00041789425
0.0028583847
0.0010413623
0.0012000477
0.0011246528
0.0012012813
0.0012559945
0.000990099
0.0014184085
0.0017306746
0.0013900326
0.00049816875
0.0014316583
0.002039719
0.00562339
0.005262963
0.0057347855
0.0051867673
0.00518232
0.0060087936
0.002346605
0.0016318136
0.002376642
0.0026141491
0.002240297
0.0026014962
0.001292756
0.0016557573
0.0018228394
0.0011965007
0.0014676847
0.0017717462
0.0024802838
0.0027059282
0.0023708912
0.0024657813
0.0026008366
0.0025828534
0.0025559186
0.0022606396
0.0023421692
0.0021579743
0.002260284
0.002586024
0.0009112873
0.00048084927
0.0007309116
0.0010259429
0.00093855057
0.0014030794
0.000978405
0.0010582038
0.0010276706
0.00039061045
0.0005188799
0.0010825279
0.0021100796
0.005336268
0.00010770828
0.0039097243
0.00016354267
0.0027026809
0.0019512445
0.0021978815
0.0019899164
0.0010908478
0.001915288
0.002512143
0.00033843817
0.0012228208
0.001035537
0.0006820724
0.0009997588
0.00043629648
0.0016033573
0.0020057044
0.0022845091
0.0015332752
0.0020655382
0.00249185
0.00077829167
0.0005794975
0.0005727683
0.00088599866
0.00075382885
0.00065882265
0.00056439545
0.0037447347
0.0029682834
0.0015718706
0.0018247208
0.0005056341
0.0021559717
0.0023739277
0.0020208452
0.0020286688
0.0020674823
0.0019322704
0.0021665453
0.00239111
0.0022267813
0.0013784888
0.0020911382
0.0026809722
0.0012135566
0.001151314
0.0010605364
0.0012727005
0.0012075164
0.0010791513
0.00035705118
0.0038023696
0.00075249345
0.002414031
0.00078071887
0.00071241177
0.0006255723
0.0013009317
0.0013012995
0.00039612243
0.00086409424
0.0013141052
0.0023561693
0.0020656846
0.0020406537
0.0020821465
0.0019664161
0.0024286865
0.0022350796
0.002425372
0.0022940983
0.0015104775
0.0021248623
0.0026983793
0.0021626318
0.0013272198
0.00235843
0.00217598
0.0017349541
0.0025237931
0.0018958211
0.0027481518
0.0014833877
0.0021048558
0.0022672159
0.0010644081
0.0022045346
0.0023220489
0.0022367549
0.001574355
0.0020529034
0.002561355
0.0009812461
0.0008687617
0.0011431065
0.0009790849
0.00037994678
0.0018079937
0.0015095697
0.0001541299
0.0009937024
0.0014683207
0.00051632203
0.0014092005
0.0022688012
0.002243827
0.002226166
0.0017880263
0.0021036488
0.0024987757
0.0020039643
0.0035548932
0.002139776
0.00072762807
0.0018920011
0.0018874542
0.0021757889
0.0029874733
0.0026376194
0.002214552
0.0029115945
0.002298833
0.0023674548
0.0025757703
0.0024858983
0.002185982
0.00228255
0.0024896802
0.0027870012
0.0025524793
0.0026131775
0.002796257
0.0027066772
0.002765653
0.0065981657
0.0050269114
0.004870844
0.009260699
0.0066508064
0.0041976
0.0040280423
0.0020949969
0.0037983814
0.0027335272
0.0026265786
0.0059764856
0.00018245832
0.0003650581
6.0561943e-05
0.00022341585
0.00028791672
1.8954492e-05
0.0020954306
0.0023119014
0.0021361825
0.0017442328
0.002079602
0.00224503
0.0023057782
0.0022182064
0.0021591333
0.002086781
0.0021780068
0.0023813355
0.0009835508
2.598346e-05
0.0008423485
0.00088542316
0.0008424604
0.0015843632
0.0023180922
0.0025344398
0.0024939768
0.002240274
0.0024706547
0.002218943
0.0022767512
0.0017832065
0.0019858575
0.002510049
0.0021444585
0.0020352902
0.0030480223
0.0025481093
0.0027823683
0.0030618776
0.002711409
0.0028910215
0.0007516034
0.0007332799
0.00072332
0.00084251136
0.00081219117
0.0006857342
0.0011162596
0.0011162265
0.0009078193
0.0012069545
0.0011205849
0.0008580339
0.00076428405
0.00085956574
0.0007450517
0.00080161553
0.0007837286
0.00069577823
0.0015606583
0.0014695156
0.0012220307
0.0016154742
0.001601853
0.0015477953
0.0026567176
0.00038158518
0.0015714442
0.0006589885
0.00043104345
0.0036257622
0.0018304075
0.004708613
0.0012205244
0.0020209558
0.001965904
0.0040377346
0.0016285862
0.0016644436
0.0016466447
0.0016696249
0.0017054141
0.0015852257
0.0022510907
0.0023721096
0.0021966852
0.0023114057
0.002465533
0.0019268974
0.0009106114
0.0015642503
0.0012585152
0.0015335252
0.0016345003
0.0007126762
0.0012656591
0.003033836
0.002742309
0.0015848309
0.0025458965
0.0019769738
0.0013834904
0.002914691
0.0025679653
0.001950431
0.0025928156
0.0017445488
0.0022576232
0.0022844176
0.0022464693
0.0021295492
0.0021639545
0.0023683815
0.0003758986
0.000434942
0.0003874212
0.00037455605
0.0003717956
0.00032908245
0.002553967
0.0022747333
0.0023264461
0.002528402
0.0024063794
0.00270529
0.0010859714
0.0009902144
0.0011134857
0.00055256655
0.0002984526
0.0011526409
0.0014244256
0.0028819775
0.0051446557
0.0036355008
0.004864053
0.003537211
0.0019576391
0.0035707264
0.0022478201
0.001085262
0.001998483
0.0017745798
0.0019663712
0.0024939845
0.0024316413
0.0020171031
0.0022009017
0.0023629786
0.0030384683
0.0028962984
0.0030564817
0.003178156
0.0030502318
0.0031937186
0.0002804667
0.0010753367
0.000929649
0.000115142226
0.0006976345
0.0029974
0.014650105
0.011268599
0.015065187
0.011143086
0.011366338
0.019376127
0.0021385956
0.0016867736
0.0020307468
0.0019367392
0.0018166505
0.002282617
0.0013820246
0.0012063
0.0010271415
0.0015367264
0.0014034528
0.0011552357
0.002591097
0.0027336543
0.0026846104
0.0028533407
0.0027208135
0.0023582152
0.0014124495
0.00091032847
0.00077384413
0.0013731443
0.0004948912
4.237464e-05
0.0019164499
0.0020227982
0.0018638883
0.0011136493
0.001749308
0.0023332061
0.0011006591
0.0013543132
0.0012990487
0.0009936028
0.001204612
0.0010290982
0.0018676382
0.0025879822
0.0039492836
0.0018316978
0.002348702
0.0057526724
0.0018666455
0.0025965455
0.0023585672
0.0019912776
0.0027397797
0.0021156222
0.0021043634
0.0020988665
0.0021409842
0.0020285458
0.002112012
0.0021869265
0.0007856955
0.0009737191
0.001152561
0.00061649113
0.00076985906
0.0011853274
0.0039678267
0.0006992877
0.00037208927
0.004033454
0.0005417489
0.0017088322
0.001670721
3.56122e-06
0.001834634
0.0015520795
0.0017983955
0.0029363453
0.0014816246
0.0001911477
0.0014089237
0.0012098078
0.0015721852
0.0032238425
0.0020524932
0.0022199666
0.0020757057
0.0019451032
0.002197005
0.0021200923
0.0009311053
0.00636572
0.0047360407
0.00629386
0.0027043326
0.011128226
0.001503975
0.0017274148
0.0016871765
0.0030376012
0.0016931398
0.00029402084
0.0019833385
0.0022349358
0.0020314462
0.0012727507
0.001851062
0.0023856806
0.00044838426
0.0032869156
0.0018987913
0.0015036347
0.00096934143
0.0007677959
0.0020843018
0.0032008274
0.0023411433
0.0013099207
0.0020491353
0.0018804419
0.00042504165
0.00051827024
0.00037915216
0.00070691475
0.000583233
0.00020506178
0.0018655066
8.770944e-06
0.0005894809
0.0015534699
0.0005733367
0.00206089
0.0017167863
0.0019650662
0.0019906515
0.0019145841
0.001937137
0.0016489322
0.0026262756
0.0014077635
0.0023918182
0.0018733159
0.0012821604
0.003021673
0.0014195362
0.0013057479
0.001264405
0.0018057162
0.0014301534
0.0013851151
0.0005170072
0.0023796193
0.0016147794
0.0011508685
0.0012471618
0.00043617503
0.0013928043
0.0019631365
0.0019744278
0.0015433637
0.0016343157
0.0014629362
0.0021040197
0.0030046406
0.0023219276
0.0014827587
0.0020275675
0.0020625493
0.002253213
0.002051601
0.0021099232
0.0017337443
0.0019197688
0.002489139
0.0022014168
0.0023082665
0.0022170013
0.002027158
0.002195214
0.0022985234
0.00014802712
0.00023596184
0.0001435003
0.0015664786
0.0016914244
0.00019949336
0.001473241
0.0050575817
0.0030411421
0.0020992686
0.0033164502
0.0011080077
0.0019873015
0.0022111703
0.0016810355
0.001957468
0.0020159823
0.0014351762
0.0016982802
0.0015376236
0.0016239727
0.0017046409
0.0016229779
0.001657712
0.0028016514
0.0030227094
0.002929386
0.0028800406
0.0029187398
0.0028659108
0.0028706589
0.00016059457
0.0012973236
0.002117495
0.0003455204
0.0025639671
0.002434483
0.0013715351
0.0021042456
0.0021206846
0.0022973213
0.0033068021
0.0026295998
0.002266058
0.0020610944
0.0027207253
0.0023809702
0.0018864832
0.0015144286
0.001748755
0.00093526137
0.0015009961
0.0016623448
0.0018054363
0.0035358984
0.0045318487
0.0029268512
0.0046103634
0.0051193465
0.0028834878
0.0028469872
0.002716705
0.0026679817
0.0027266785
0.0027065226
0.0027463112
0.0011598598
0.0012764249
0.0011400431
0.001347594
0.0013479261
0.0011105917
0.0017502408
0.0018535054
0.0012470824
0.0017825471
0.002009874
0.0021071627
0.0019258326
0.0016946353
0.0019433332
0.0026406443
0.0019438454
0.0015304158
0.0010100544
0.0011554926
0.0010704178
0.0011414657
0.0011794429
0.0009798668
0.0021234644
0.0015937266
0.0020406134
0.0017718984
0.0020217595
0.002816663
0.00046315222
0.00051426655
0.0003753779
0.00078487047
0.00066337513
0.0001307819
0.0011823322
0.0013246919
0.001425177
0.0010191629
0.0010897374
0.0014265206
0.0017620277
0.0014715774
0.0017259051
0.0023922354
0.0017550408
0.0014740652
0.0018472278
0.0025754166
0.0019823986
0.0014556288
0.0018617081
0.0016668121
0.002152915
0.0025529629
0.0023453874
0.0021977383
0.002288901
0.0020382025
0.0018172615
0.0014551381
0.0017276728
0.0016136196
0.0017884792
0.0022762686
0.0020509043
0.0019206483
0.0021162592
0.0021368053
0.0020305812
0.0022367667
0.0019314192
0.0012441579
0.0017626412
0.0021437989
0.0019097858
0.0021176178
0.00041500546
0.0005376757
0.00051004795
0.00036508215
0.00038121434
0.0004887402
0.001985337
0.0011908787
0.0019905146
0.002148057
0.0018600048
0.0024228834
0.0014394653
0.0015483821
0.0013920687
0.0014967618
0.001549323
0.0012639435
0.0018465929
0.002071305
0.0019463904
0.002033607
0.0020314776
0.0019819364
0.002538819
0.003488042
0.0024774387
0.0027903835
0.0028958688
0.0026397223
0.0018777659
0.0012680595
0.0012344719
0.0001021358
0.000516315
0.0025825803
0.00015420708
0.0025065558
0.00020654131
3.4251916e-05
0.0010821713
0.0012435091
0.0024384365
0.001923045
0.0021115576
0.002126143
0.0019177812
0.0024154591
0.00044081532
0.0004704866
0.0004751968
0.00046225142
0.00045101793
0.00045287787
0.000115574694
2.3543935e-05
6.866405e-05
0.00020826771
0.00018191754
1.6212123e-05
0.0026814083
0.0028012898
0.0027464307
0.0028286441
0.0028517714
0.002742991
0.0036359362
0.0060224324
0.005074005
0.0030790458
0.004260174
0.0038625894
0.0019220298
0.0014924136
0.0019346908
0.0021359997
0.0019555786
0.00221665
0.0029801938
0.0004849829
0.0011220458
0.0023673654
0.00023757455
0.0026272377
0.000837764
0.0013537657
0.00078637595
0.0008535389
0.0011400067
0.00074666936
0.002613183
0.0020882287
0.002163731
0.0023586464
0.0023015286
0.0028146221
0.00068741036
0.0013490353
0.00041464597
0.0008495099
0.0010492002
1.4583756e-05
0.0012802477
0.00239986
0.0010390002
0.00023026581
0.0016708946
0.0007911927
0.002192275
0.0018686015
0.0021166347
0.0023172225
0.0022373826
0.0022516344
0.002029919
0.00030467083
0.00083128805
0.0014007691
0.0004843641
0.001909544
0.00097584067
0.0006734098
0.00081379723
0.001528945
0.0015276717
0.0013770123
0.0029428233
0.0026861217
0.0027663782
0.0029335336
0.0027419995
0.0028952397
0.0015470047
8.798632e-05
0.0012064212
0.002128919
0.0013839977
0.0018801051
0.0006232272
0.004476465
0.00045233924
0.00041527
0.0036040163
0.00020161978
0.0016563188
0.0016859745
0.001030452
0.0018024927
0.0023506717
0.0012144975
0.0017888937
0.0018429256
0.0019335896
0.0027857826
0.0020100507
0.0009888902
0.0022197356
0.0020080057
0.0022478395
0.002220483
0.002161817
0.0022575369
0.0034160852
0.0062720715
0.0016263039
0.0052572507
0.0066898353
0.00020033077
0.0008958881
0.00154402
0.0015061888
0.0016736698
0.001083093
0.00041460522
0.0025983325
0.0026167838
0.002610166
0.0028887577
0.0025679993
0.0025302507
0.00037869386
7.655297e-05
0.002637723
0.00024462928
0.00050396466
0.003030336
0.0017943769
0.001571444
0.0016175288
0.0017650848
0.0015853357
0.0016754115
0.0012389375
0.001014872
0.000957776
0.0013221015
0.0011514208
0.0010427521
0.0009850443
0.0013746999
0.0008406191
0.0011405817
0.0013520877
0.00092556275
0.0067348536
0.031945985
0.009507377
0.03852901
0.02251846
0.00637091
0.00068640994
0.00026284595
0.0005731491
0.0005260357
0.00020080822
0.000696257
0.01356619
0.02069346
0.01756593
0.011325317
0.015458132
0.014908683
0.002788996
0.014950531
0.040011935
0.04306252
0.048370928
0.065562785
0.0017349174
0.001671464
0.0014400057
0.0015897069
0.000693108
0.0069249826
0.0023151666
0.0022264367
0.00223454
0.00233803
0.0024783784
0.0022353474
0.0012697274
0.0014239778
0.0014438479
0.0011740747
0.0012563078
0.0013637111
0.000461265
0.00021984373
0.0002586389
0.0004542195
0.0003789886
0.00039601626
0.0010240163
0.0017268885
0.0015292423
0.0015199835
0.001269799
0.00038389355
0.0027144942
0.0029812197
0.0027910217
0.0028244713
0.0028485737
0.0026919285
0.011392664
0.013942448
0.027167087
0.0064308723
0.0031216508
0.0046929563
0.0028438116
0.0030917197
0.002948905
0.0028432072
0.0028872339
0.0027803688
0.00043420764
0.00028477734
0.00037124244
0.00041086512
0.00037774155
0.00049938005
0.002229589
0.0018311084
0.001615038
0.002167924
0.0021967357
0.0023854761
0.00036237037
0.0005126692
0.0004577505
0.00041252957
0.00047421607
0.0003556828
0.0050479216
0.0022151915
0.0012972237
0.004767401
0.00078679615
0.0020621442
0.00080234953
0.014145745
0.0039595794
0.0035921843
0.002067619
0.0064351014
0.0038720588
0.0052957856
0.0051941155
0.0020382402
0.0037378315
0.0061678714
0.0037919595
0.0063675526
0.0028974344
0.004227891
0.0056575923
0.0018524103
0.0015443263
0.0016717166
0.0012875595
0.00203774
0.0020544564
0.0014978602
0.001716677
0.0015505188
0.0016922585
0.0017989894
0.0016234155
0.001758229
0.0010851943
0.0009313148
0.000841323
0.0033490201
0.0009660287
0.0015543937
0.002383201
0.001012644
0.0011979971
0.00089017977
0.00028062385
0.003097772
0.00011469506
3.8148843e-05
3.606449e-05
9.484277e-05
3.499101e-05
0.00012966008
0.0020772049
0.00079164817
0.0015950522
0.001810543
0.0018386351
0.0029132238
0.0024821698
0.0024621105
0.0027533043
0.0024062786
0.0023534424
0.0023448188
0.0004400858
0.00079910434
0.0008212784
0.0004899514
0.0007792205
0.0007950763
0.0008329941
0.0030378436
5.315847e-06
0.0018949178
0.0010076595
5.5434262e-05
0.0019726644
0.0022821964
0.0021409031
0.0019636145
0.0021138375
0.0019237589
0.0011646796
0.0011293577
0.0010516387
0.0012075267
0.0011654301
0.0010665823
0.002401103
0.0018848479
0.0021677022
0.0022358357
0.0020645678
0.002285215
0.00042754918
0.00042388632
0.0004430215
0.00044399977
0.00041637008
0.00041144833
0.0060887653
0.014559823
0.014955775
0.007292731
0.011491404
0.02335734
0.0023925824
0.0009804111
0.0018967072
0.0021746824
0.0011848346
0.0022407945
0.00044319135
0.00044151058
0.0004140685
0.00042573662
0.00043118824
0.0004372551
0.0012594234
0.0017483406
0.0018693662
0.0012264294
0.0014558674
0.0013440812
0.0011063489
0.0013694462
0.0011809693
0.0012485555
0.001378314
0.001060386
0.0037343958
0.0035985329
0.003917809
0.004372627
0.003947543
0.0040005157
9.910763e-06
0.0023965805
0.00041817638
0.001584054
0.0012461627
0.002590874
0.0010191121
0.0011275149
0.0010528839
0.0011678018
0.0011708713
0.0009103306
0.0018348029
0.0025472539
0.0016785042
0.0018904292
0.0021319462
0.0011767483
0.0022410958
0.0020947745
0.0020488084
0.0022343905
0.0022822672
0.0023817753
0.0020362707
0.0012854058
0.0016938882
0.001885136
0.0018368885
0.0023870803
0.0022124397
0.00026611134
0.0013725639
0.0023369864
0.0018633682
0.0031634006
0.0013952826
0.0035918874
0.0022431046
0.0013263414
0.0001039229
0.003747277
0.0012577956
0.0012212964
0.0020672167
0.0013495124
0.0016461167
0.0023189702
0.0019507074
0.0016562262
0.0018970812
0.0024923515
0.0019771561
0.0015654977
0.012196218
0.0041857
0.00033437426
0.007963861
0.010900178
0.017116657
0.0018705926
0.0009850715
0.001806724
0.0019744516
0.0017329834
0.002314598
0.001916433
0.0023426695
0.0020125073
0.001524207
0.0016178633
0.0018258884
0.0012295156
0.0013199447
0.0013587499
0.0011677139
0.0012131816
0.0012889601
0.0018690875
0.001315657
0.0018157702
0.0015755511
0.0012844092
0.0020432102
6.7616464e-05
4.0975636e-05
4.437026e-05
0.00016395726
6.750403e-05
0.00020071921
0.002419817
0.001744792
0.0025216697
0.0023823048
0.002139237
0.002689434
0.00013763036
0.00025451925
0.00025188763
0.00017074886
0.0002318036
0.000100084755
0.003898453
0.0003040161
0.0034491462
0.003681764
0.002685691
0.0057621626
0.00044361522
0.0007853267
0.00028699814
0.0007391163
0.0008031024
0.0001959675
0.002042303
0.0016897937
0.0018187771
0.0019241344
0.0017542493
0.002113498
0.0015639085
0.0015462617
0.0017688122
0.001365285
0.0016194558
0.0021494026
0.0021406102
0.0021098042
0.0020851053
0.0020046085
0.0020800945
0.0022771454
0.002061566
0.002335649
0.0021987315
0.002132435
0.0023089335
0.0021040956
0.00094740133
0.0008028949
0.00094771024
0.00084541657
0.00075358537
0.0009995697
0.0020476677
0.001783561
0.0020496573
0.0020599402
0.0020204976
0.0022690345
0.0016349081
0.0020088207
0.0017115518
0.0017811471
0.0019000801
0.0015823361
9.305835e-05
0.0031155131
0.0021916346
0.00037601698
0.0009692158
0.0013129459
0.0013684239
0.0010934338
0.0013472133
0.001334991
0.0011685645
0.0014598721
0.0033017271
0.0012718701
0.0011676112
0.0015247934
0.001237724
0.0032959178
0.0013930679
0.0014498535
0.001377393
0.003163404
0.0017218858
0.0008367881
0.0002473195
0.00400003
9.574935e-05
0.0003656499
0.0023272594
0.00080339424
0.0013537005
0.0016757248
0.0013612285
0.00145158
0.0014942996
0.0010835651
0.00045219177
0.0010602827
0.00096905726
0.00069516356
0.00084523053
0.0004406926
0.0016156622
0.0010237668
0.0016319188
0.002424137
0.0023494207
0.0020564857
0.0015688686
0.0031853432
0.001365204
0.0016270237
0.0022789657
0.0007215335
0.0017589056
0.0022129172
0.0018974745
0.0018276172
0.0019516447
0.0014950595
0.004662678
0.0026378657
0.0049976795
0.0042806594
0.0042479136
0.006550991
0.003498011
0.00388499
0.0059616207
0.0031723403
0.0042684902
0.006157214
0.0016152537
0.0019373781
0.0015232377
0.001589155
0.0016493577
0.0013159962
0.0021122983
0.0015288644
0.0016692089
0.0019687684
0.0020476445
0.0024524126
0.0007362364
0.00048278703
0.00071975635
0.0007535113
0.00061906595
0.00080163084
0.000817249
0.0010515947
0.000951046
0.0008357098
0.0009841953
0.00080968096
0.0018628538
0.001797441
0.0019044091
0.0018578583
0.0019138305
0.001981298
0.0017474337
0.0018253467
0.0017510633
0.0019155417
0.0019187361
0.0016235558
0.0018194637
0.0019795422
0.0021175323
0.0024940532
0.002140114
0.0012966465
0.0018431338
0.005122406
0.0049234824
0.0031389429
0.004087068
0.0007913357
0.00091442926
0.0007296041
0.00086136267
0.0008976
0.0008065915
0.00092589244
0.005493677
0.0033120993
0.004112129
0.0058699134
0.003939643
0.0037916345
0.0034386588
0.0066562574
0.0031570308
0.004923705
0.00631535
0.0017117274
0.002563159
0.0005403676
0.0016941736
0.0013654736
0.00045800686
0.0028179782
0.0014021946
0.0022540109
0.0018321505
0.0017577694
0.001698111
0.00091886125
0.005694291
0.0033080108
0.004371357
0.005890051
0.0038174533
0.0043990873
0.0018550262
0.0017353456
0.0017858485
0.0007541262
0.001298098
0.0023291488
