0
0.006665111
0.0050366274
0.007063764
0.003050952
0.0020816661
0.008071482
0.009197323
0.0094357645
0.0091948025
0.009115675
0.009079779
0.009222473
0.010482723
0.008847436
0.0102385115
0.009993564
0.009600111
0.011426507
0.004262493
0.0070378934
0.0057555423
0.009859953
0.008493333
0.0035558634
0.009798932
0.009554574
0.009628186
0.009826188
0.009769125
0.0096505415
0.004591413
0.0053843106
0.0031897395
0.00609973
0.0059321085
0.0011596855
0.004956064
0.009946675
0.006468275
0.004208934
0.004770392
0.002543522
0.01108336
0.013325462
0.012056557
0.0100468835
0.011504866
0.01155731
0.011059177
0.0101853665
0.010070323
0.011270938
0.011075961
0.010334418
0.0033694631
0.0017415369
0.0040767957
0.0043284157
0.003104954
0.0047310465
0.0031143571
0.0042662034
0.0033927453
0.00046133014
0.0029262025
0.0065930896
0.0012996688
0.0042365687
0.0037964026
0.0012715518
0.0015477352
0.0006503278
0.009752944
0.010222488
0.010286332
0.010053969
0.010138794
0.00992594
0.010785038
0.010360162
0.010402895
0.011279115
0.0109181
0.01043966
0.0054674624
0.0066435277
0.006295915
0.0043358803
0.005687254
0.0061719846
0.0029069218
0.00032806766
0.0008915225
0.004581667
0.0022616128
0.0016096726
0.010257664
0.009487783
0.009983748
0.010034413
0.0099017825
0.010348214
0.005627951
0.0062079644
0.006149198
0.005231367
0.005714381
0.006342018
0.0063363505
0.0023446144
0.006253264
0.011007057
0.005970979
0.005783873
0.0071505923
0.005963618
0.005682475
0.007816427
0.0069505973
0.0059801564
0.009494712
0.009736901
0.009691687
0.0091963755
0.009898621
0.009877683
0.007701647
0.0040952163
0.0026067176
0.008050728
0.0071216314
0.004051681
0.010454642
0.011261984
0.011297649
0.010347047
0.011068745
0.011080572
0.005964724
0.010718006
0.009084122
0.008444696
0.009503779
0.00587249
0.010362065
0.009883094
0.009735633
0.010391356
0.010292251
0.0100644585
0.0016957847
0.010261941
0.0030504337
0.0025059492
0.0030714965
0.006738411
0.014340725
0.013148111
0.014179062
0.0127151655
0.012632221
0.015028123
0.0008126994
0.0014890907
0.00027974768
0.001478263
0.00034831115
0.0007608727
0.034597255
0.030075273
0.03186208
0.032943886
0.0324262
0.034573797
0.009795866
0.010489354
0.010191012
0.009722629
0.010193705
0.009972048
0.007138619
0.0075952564
0.007406814
0.008118031
0.008155926
0.006547089
0.007600297
0.009091478
0.0054742508
0.0077625485
0.007783547
0.004156262
0.001588144
0.0043553947
0.0013862612
0.0027431783
0.0009137396
0.0035292034
0.009797215
0.00939813
0.009322493
0.009730084
0.009527254
0.009524309
0.003018951
0.0022348617
0.0025336249
0.0009363882
0.0013939248
0.0050383853
0.00066195015
0.0069965697
0.0025539207
0.0047426443
0.0015962941
0.0051831794
0.009820232
0.009578557
0.009388739
0.010067474
0.009788008
0.009261713
0.009206893
0.008516002
0.008505731
0.009203717
0.008953408
0.009340829
0.007813261
0.009723317
0.00838638
0.0081261
0.008483607
0.0069627967
0.0006324619
0.00021845945
0.000905463
0.00071618246
5.0762552e-05
0.0012413034
0.0022131358
0.003148755
0.004046073
0.0017399658
0.001174058
0.0025773402
0.006470998
0.0055409367
0.006178449
0.0047728242
0.006675333
0.010827676
0.009665903
0.009983739
0.010109593
0.009670249
0.009958353
0.009893424
0.006876679
0.0065557226
0.007033186
0.0061298106
0.006283239
0.0073568244
0.0023311244
0.0022551208
0.002529414
0.0008612448
0.0013747032
0.0035446703
0.010906925
0.010012099
0.010614455
0.010233706
0.0099710105
0.010879558
0.0011439446
2.0533402e-05
0.00432753
0.00019161661
0.00028524734
0.0032879426
0.0023062977
0.004399284
0.0041784937
0.007322467
0.005130594
0.0017216073
0.0035786552
0.008157797
0.0070174034
0.0040367804
0.0077467896
0.004833706
0.03732894
0.034599815
0.038875885
0.034958526
0.035787396
0.040303882
0.0061316164
0.0040426785
0.0054273116
0.0057803155
0.0053058877
0.0065374663
0.0100801615
0.010021976
0.010283679
0.0099371085
0.009608027
0.010451622
0.0045128334
0.007961032
0.0076383525
0.004235055
0.0072403573
0.0063439
0.0114710955
0.011584905
0.01189692
0.011669157
0.011437745
0.011666079
0.012107995
0.0014578449
0.0052251206
0.00850736
0.008610544
0.017334454
0.011180744
0.010194047
0.010653789
0.0109044155
0.010632035
0.011443333
0.0053899046
0.0056669647
0.00601232
0.0045527546
0.005335562
0.0066693835
0.008754926
0.0081322435
0.0084414035
0.008696528
0.00866896
0.008809742
0.0047004996
0.0021796927
0.0020098335
0.004030554
0.0025740233
0.004171516
0.0021080421
0.0009256048
0.004663108
0.0007277906
0.0002543648
0.0051877876
0.006179475
0.0089740595
0.0092785545
0.0067686136
0.008504183
0.008163124
0.006392111
0.0076478194
0.0070571597
0.0068832235
0.0069934446
0.006100411
0.008857161
0.00893656
0.008960987
0.008778164
0.008778362
0.00903014
0.008037729
0.0048896875
0.004467383
0.008372
0.007864239
0.00641528
0.005887467
0.00740863
0.0072370917
0.0037228914
0.0071486696
0.0096032405
0.013758666
0.013253648
0.014202574
0.013635488
0.0135846
0.014168075
0.008860686
0.009068279
0.009096635
0.008707174
0.00880297
0.009016353
0.0014505693
0.0026774667
0.0015663004
0.011101386
0.0039869105
0.0014865197
0.009781262
0.009538296
0.009481804
0.010294963
0.009475645
0.009719251
0.007822773
0.014003439
0.009672967
0.005273079
0.0099447565
0.008019839
0.010254739
0.009905889
0.008998865
0.010049407
0.0098664425
0.009606166
0.0076223155
0.005775813
0.0058615827
0.0086835185
0.0058373744
0.005821623
0.010603477
0.009738551
0.008974193
0.011026668
0.010657318
0.009760754
0.0049160877
0.0047122715
0.0042138356
0.0056283786
0.005160414
0.0039560287
0.008172196
0.00917458
0.009367576
0.007108053
0.007977443
0.009424904
0.0024822066
0.007519929
0.0025985206
0.0032966025
0.0052250093
0.0005590776
0.0005507962
0.005226112
0.00012045608
0.0013652886
0.0005831881
0.00205001
0.0054310104
0.004277173
0.00532431
0.0042129103
0.0043052775
0.0063506425
0.008930068
0.0055164765
0.007914336
0.007804361
0.006794923
0.0105423955
0.035402376
0.03859488
0.036200818
0.0358778
0.036896423
0.032879695
0.009586607
0.010174646
0.009855372
0.009997943
0.009933076
0.009300543
0.009213118
0.008875495
0.009383277
0.009004189
0.008901244
0.009613016
0.009679259
0.011178151
0.0103626
0.0102566
0.010951779
0.009250681
0.0025093658
0.0019867702
0.0016411077
0.0028124216
0.0026647628
0.0008201246
0.010146635
0.009674543
0.009971061
0.009834676
0.0102406675
0.009465986
0.009404514
0.009065711
0.009243885
0.009409224
0.009376324
0.009540162
0.0032376603
0.0022822518
0.00484987
0.0022545094
0.002129451
0.0050193598
0.0026095752
0.010492555
0.006095757
0.0011094509
0.0023938192
0.0015789123
0.0028817665
0.000631233
0.0029013874
0.004204228
0.0026955719
0.0042265663
0.017849738
0.022767883
0.021807153
0.014014672
0.01872975
0.021842185
0.030161142
0.02345093
0.027314553
0.031559456
0.027851854
0.029620543
0.0066847675
0.007886774
0.0071928217
0.006656036
0.0075882245
0.0065405886
0.009497242
0.009683142
0.009698228
0.009474537
0.00946267
0.009603586
0.0148283
0.008150976
0.013920583
0.012899877
0.011602959
0.01892168
0.00929265
0.009519638
0.009477448
0.009282477
0.009441191
0.009376085
0.007127475
0.008048456
0.007071447
0.008497028
0.00796353
0.0055641807
0.0043898416
0.0027295281
0.0032889515
0.004525656
0.0036066438
0.00364359
0.009367464
0.01637398
0.0100032585
0.0041387095
0.0077225426
0.006038061
0.00351551
0.0009654004
0.007882757
0.00041337378
0.000944654
0.0075322604
0.0028655666
0.0006275908
0.0018871091
0.002990536
0.002759395
0.0029220344
0.031811483
0.033495132
0.03135516
0.03287718
0.033952832
0.029733777
0.00613788
0.007283289
0.007017838
0.0059037595
0.006830918
0.0067890654
0.004740413
0.006606964
0.0038463029
0.0056314766
0.00414459
0.0012933656
0.010066314
0.009404001
0.009632696
0.009814462
0.009714176
0.00958367
0.009416737
0.009599698
0.009551393
0.009305002
0.009496905
0.009418891
0.025139168
0.024542818
0.023626264
0.026724678
0.026167888
0.023012543
0.01894042
0.017249847
0.018881533
0.01707092
0.017064285
0.020225374
0.006875346
0.0064548007
0.006525769
0.0069151325
0.006681909
0.006827589
0.0058964835
0.009376214
0.0065260436
0.0063231816
0.00681443
0.0033324868
0.007083023
0.009681793
0.0074681686
0.0073579648
0.0077686296
0.005326576
0.0069107525
0.008196883
0.006768753
0.007063641
0.00735478
0.005412679
0.0045937775
0.009766436
0.005461401
0.0044422736
0.0052653085
0.0010790032
0.003387395
0.010098693
0.005548711
0.0032453865
0.004367419
8.2678285e-05
0.0022334992
0.009745945
0.005228995
0.0016564023
0.003139949
0.0011251445
0.0001507416
0.010137363
0.0057336097
0.0018797315
0.00020591877
0.0019004154
0.004896386
0.0043121316
0.00422489
0.0060925325
0.0050072246
0.004262138
0.0052476353
0.009611563
0.0056663062
0.005455064
0.006241908
0.001783334
0.0029417546
0.0074018426
0.006757065
0.011855959
0.009918194
0.0021588986
0.022088792
0.015765697
0.01964247
0.022258064
0.019188182
0.022641767
0.007589563
0.0060227267
0.0074780444
0.0063809613
0.0064286324
0.009265302
0.01012315
0.009442902
0.0095236525
0.0101033645
0.009661544
0.009954429
0.0027172468
0.008036371
0.0059640533
0.00094520854
0.004851441
0.0019493813
0.002133637
0.0040849885
0.0003000819
0.00019359047
0.00018273269
0.0066497144
0.012074606
0.009439713
0.010325603
0.010587234
0.009376506
0.011127397
0.0072443713
0.009538438
0.0076252525
0.007814629
0.008000287
0.0057978285
0.006778027
0.0044428864
0.005372547
0.00630536
0.0055592796
0.006236287
0.0069713416
0.009822031
0.006606337
0.0075664
0.0077765044
0.0037009036
0.0019325372
0.00353661
0.0025462823
0.0042460645
0.0043715965
0.00080906285
0.0038505774
0.005337898
0.00483984
0.0021295887
0.0036383308
0.005208158
0.008179468
0.008755137
0.0077809338
0.009706869
0.009038593
0.0061420887
0.0072002034
0.007498119
0.0076563316
0.0068273
0.0073893666
0.008046726
0.010459332
0.0103894165
0.010346969
0.010329879
0.01025015
0.010108772
0.0078612985
0.00095824635
0.0017599855
0.0055492627
0.0040055844
0.010381191
0.0046325536
0.0029626612
0.004227237
0.0041274196
0.0038266329
0.005038992
0.0059738047
0.0063783824
0.005352546
0.005920425
0.005785753
0.00523609
0.010375456
0.009925972
0.0090528205
0.010809323
0.0104915155
0.009332311
0.00400615
0.00560111
0.0039558862
0.00524003
0.0033450988
0.0045264987
0.00574142
0.0046766005
0.005265116
0.0048856703
0.0046406994
0.006343526
0.002511264
0.010896593
0.0054399543
0.0021329613
0.0037121398
0.0016826435
0.008052149
0.009015505
0.005961973
0.008920265
0.00851829
0.004135534
0.017419038
0.018099336
0.018770644
0.01594782
0.016183944
0.018233825
0.009279604
0.00912963
0.009153157
0.009476441
0.009264091
0.008995832
0.0068727415
0.008191795
0.0072592045
0.0069262665
0.0070628203
0.006155093
0.005945347
0.0017083146
0.0040807817
0.005484315
0.003563028
0.0068546105
0.005108932
0.0051919036
0.0053373515
0.0045829574
0.00478856
0.00546866
0.0039530895
0.004811819
0.0040727663
0.0048594526
0.004791666
0.0036904027
0.0047010523
0.002384021
0.0049166284
0.004741521
0.0035165013
0.005847936
0.0036012393
0.001596109
0.001902122
0.0042157574
0.0032851116
0.0026019295
0.001215054
0.0021137348
0.00029401918
0.0075023323
0.005524724
0.0016686
0.0023694856
0.001557776
0.0022823245
0.00878412
0.0046150866
0.0023040143
0.0034550366
0.00037989375
0.0034627616
0.008899243
0.0050973804
0.0030175413
0.004860333
0.0008081739
0.004926545
0.008466202
0.00490045
0.0053961487
0.0052277176
0.0018009584
0.0052821576
0.008009574
0.004799604
0.005528809
0.0046689683
0.006125209
0.0053596394
0.0041992445
0.005180328
0.0048277224
0.0051641758
0.005571385
0.0057359934
0.0016201591
0.0049218987
0.008281357
0.015833758
0.010931617
0.014132083
0.015200069
0.013254359
0.017022029
0.003777193
0.0030595537
0.004067452
0.0025143975
0.0029832784
0.0055087893
0.0062912414
0.0054095313
0.006558405
0.008081726
0.0068495637
0.0063012973
0.0061724423
0.0035449315
0.0063735577
0.008147953
0.005726499
0.0065097683
0.0067729214
0.006379272
0.007107929
0.008342666
0.0072721145
0.006904961
0.005768713
0.00030300746
0.0012389335
0.00020662519
0.0027514142
0.009387364
0.008812559
0.00954331
0.009038233
0.009610162
0.009364001
0.008031322
0.012166161
0.009010055
0.009951422
0.013295713
0.011157518
0.011064811
0.0056982394
0.0005648991
0.000814607
0.0044553345
0.0013877631
0.0051373183
0.008312713
0.0017073359
0.0020742032
0.0071876165
0.0023028818
0.004204
0.0064734924
0.004883717
0.0056410385
0.0063206404
0.0055769105
0.0065903496
0.0028511987
0.0006964376
0.00043294372
0.0030714613
0.0015313296
0.0002372302
0.0063236696
0.006077425
0.0066424767
0.007547771
0.0067123384
0.006665774
0.0037671637
0.0050072395
0.004227998
0.0044124294
0.0047184248
0.0032591568
0.0012591595
0.0018603321
0.0038858259
0.0022091232
0.0018147334
0.0014385855
0.005798309
0.0058365245
0.0059962175
0.0064598233
0.0063034506
0.0058462108
0.009572311
0.009544835
0.009538229
0.009756004
0.009523499
0.009218184
0.008467745
0.010628051
0.00856084
0.008681096
0.008943078
0.006915782
0.012080281
0.01982222
0.015350348
0.013380854
0.016241329
0.010737317
0.011004366
0.009841689
0.010861935
0.010504573
0.010522977
0.011911861
0.0033293935
0.018842991
0.015036429
0.013123122
0.01690664
0.0017452405
0.009506433
0.009477441
0.009561327
0.009463433
0.00958171
0.00980442
0.009821057
0.0074134246
0.009541352
0.01001276
0.008446926
0.010010176
0.010354585
0.0098032495
0.01023361
0.010545526
0.010052328
0.010409449
0.009455293
0.009496222
0.009506194
0.009572844
0.0094893705
0.009524089
0.005298956
0.004133701
0.0053291097
0.0046850187
0.004820354
0.006138383
0.007732964
0.007315471
0.0075848
0.007254076
0.007954232
0.008255137
0.004184781
0.007348837
0.004182745
0.004697413
0.0047472958
0.0012087852
0.008797959
0.0075434106
0.008070268
0.008306971
0.007813414
0.009003789
0.0020800666
0.0076924423
0.004095548
0.011766464
0.011327835
0.0032293773
0.007515872
0.0012866028
0.0060273535
0.005965687
0.0069164033
0.008735142
0.014468166
0.012523988
0.012912308
0.015156725
0.013931055
0.013516253
0.0070118285
0.0072761504
0.0071041444
0.005560661
0.0073588123
0.008915269
0.009426078
0.008984778
0.0089500975
0.009633022
0.0094507625
0.00920556
0.006485399
0.010015133
0.0047560865
0.006181444
0.006885833
0.0021018535
0.0064571453
0.0054887473
0.0060232854
0.0069010253
0.0062740888
0.0062970617
0.009976989
0.009681542
0.009917503
0.0099469265
0.009960851
0.010287408
0.0023751417
0.0022061367
0.0022020997
0.0048339535
0.0026245662
0.0019786542
0.022002283
0.023379734
0.021672545
0.022471849
0.02332528
0.02068803
0.009970508
0.010048279
0.009965585
0.009633646
0.00986108
0.010025752
0.0085904375
0.008594545
0.008571277
0.007855012
0.008881855
0.009674245
0.000479988
0.004819357
0.00046258778
0.0033517722
0.0012325438
0.0055368016
0.008843476
0.010140213
0.008327364
0.008454832
0.00858648
0.007491603
0.0074106525
0.0082310345
0.007911843
0.0063062175
0.0072863013
0.008050529
0.0069346773
0.003992385
0.013351981
0.00096593105
0.0024891528
0.008965324
0.020273458
0.02698528
0.022802996
0.018621258
0.023296054
0.0204167
0.014692357
0.01380344
0.014279612
0.014181673
0.013575392
0.014501738
0.0060999626
0.005981138
0.006086105
0.0021793041
0.00634012
0.009909672
0.00540934
0.0029754445
0.003652029
0.00034696568
0.003674954
0.010134627
0.00792008
0.0072786366
0.008149106
0.007022373
0.0073888325
0.009268557
0.008744436
0.0018625029
0.006044139
0.007372963
0.0067913886
0.012575056
0.0043387413
0.0039002218
0.003977166
0.0044822935
0.004044056
0.0044224397
0.0068262597
0.008250617
0.0078037437
0.0059726043
0.008013706
0.009049032
0.01209952
0.009067151
0.011300275
0.011082862
0.010296515
0.01357136
0.009007663
0.008942072
0.008880447
0.009043194
0.009007398
0.00899555
0.006884144
0.007609834
0.007366405
0.006198287
0.0070950543
0.007031417
0.017872749
0.027607469
0.022144826
0.015114862
0.021977078
0.018874722
0.005216862
0.011359591
0.008578474
0.0021183146
0.0030020287
0.006605133
0.020871358
0.01671068
0.019207934
0.02158007
0.019418254
0.021040943
0.0072525498
0.0072143706
0.0070575583
0.007889637
0.007599368
0.0064165452
0.009113323
0.0090483
0.009013786
0.008955743
0.009055884
0.009105557
0.0016166212
0.0017493282
0.0007302068
0.0020268057
0.001459827
0.00054707186
0.0039902134
0.004969815
0.0033651087
0.0021756876
0.003251948
0.008599973
0.011333351
0.01128954
0.010679154
0.011776921
0.0114953555
0.010603458
0.0018516646
0.0045919227
0.0026631767
0.0036583953
0.005004573
0.002764131
0.009429453
0.009621258
0.009719643
0.009777422
0.009753378
0.0098971985
0.008408579
0.005704465
0.00782622
0.010282071
0.007748935
0.008103157
0.008311219
0.008822414
0.008752476
0.008343649
0.008835466
0.00859546
0.009838107
0.009778671
0.0099000055
0.009715455
0.009865823
0.010223111
0.023413353
0.022762923
0.023188464
0.025826044
0.024761122
0.022523427
0.006271527
0.00247252
0.003618296
8.680101e-05
0.003993273
0.011019521
0.0052067107
0.014360463
0.009526459
0.0012423132
0.008005024
0.0074236463
0.020533865
0.024444595
0.02172048
0.019355826
0.022264207
0.020188874
0.0046825204
0.0017396276
0.0016700359
0.009366332
0.0035608734
0.00236205
0.018085977
0.018101156
0.017296
0.018584795
0.018527376
0.016919032
0.009681166
0.009559252
0.009517598
0.009654367
0.00969873
0.009601434
0.009357953
0.009009918
0.009266816
0.0093733715
0.009228146
0.009610465
0.011887338
0.010649399
0.010839076
0.012174084
0.011379801
0.011299733
0.008874755
0.008778157
0.009010965
0.008756765
0.008826377
0.009171138
0.009788182
0.010078989
0.009840629
0.009734114
0.00997983
0.009777012
0.009450278
0.010074755
0.009614463
0.009296485
0.009803474
0.009434489
0.008651061
0.009598599
0.008988142
0.00798947
0.008820258
0.008923896
0.0035214557
0.0057950406
0.0035161355
0.004035781
0.0021234304
0.008257931
0.008311729
0.008464039
0.008349409
0.007461813
0.007877721
0.008774615
0.023562495
0.025379
0.024387415
0.02681824
0.026519429
0.021969223
0.009177321
0.008499953
0.008833476
0.00845487
0.008410061
0.009491277
0.0101059275
0.00977466
0.010059735
0.01030345
0.010024964
0.010160186
0.0072430633
0.008356391
0.007430446
0.0073047047
0.007574084
0.007001566
0.02794176
0.024087116
0.027247906
0.024729168
0.02423719
0.030079354
0.009163325
0.009288809
0.009173925
0.009049652
0.009199251
0.009215662
0.015026033
0.014105594
0.016096925
0.004585688
0.006002278
0.01692004
0.010427122
0.010183248
0.0101384185
0.009951454
0.010008711
0.010294617
0.00084147416
0.0016509206
3.8411134e-05
0.00022513127
0.00072818744
0.0018751997
0.0026101149
0.0013044587
0.0046002856
0.003442796
0.0062701604
0.0026692962
0.0066124517
0.0038995221
0.0046061887
0.0029804106
0.0050009084
0.0102940835
0.00990591
0.009452053
0.009732929
0.009938897
0.009769539
0.01001795
0.008982467
0.008656217
0.009010293
0.008716568
0.008710745
0.009316692
0.008483328
0.0084474
0.008683276
0.008366311
0.00859524
0.00854772
0.015435627
0.020425303
0.017539999
0.01280516
0.016856559
0.016082814
0.009739434
0.009855887
0.009873268
0.010066531
0.009956074
0.00960173
0.0056826174
0.007134407
0.0076815705
0.001567508
0.0070614726
0.01044467
0.019165019
0.018464293
0.01988568
0.018049808
0.018867176
0.020871088
0.006925928
0.009635984
0.0044046505
0.0065882527
0.0070290966
0.0019488744
0.0016688146
0.0034248007
0.0020532524
0.0071571274
0.004311051
0.0026582552
0.0062059653
0.0055500898
0.0070068045
0.0057515474
0.005589553
0.007202021
0.012898081
0.012641731
0.01201052
0.013624049
0.0131325
0.012005484
0.0035665715
0.0026741377
0.0046563195
0.0060248105
0.004161623
0.0050391704
0.00070034317
0.00039388036
0.00023916356
0.0017732355
0.0014851576
2.4913654e-05
0.00980211
0.0093299
0.009581851
0.009819583
0.009669763
0.009899081
0.01427567
0.01370715
0.01562691
0.011272118
0.011500887
0.016333956
0.0019363016
0.00021659464
0.0005935648
0.0032580956
0.0017212521
0.0002500145
0.003258516
0.0049137375
0.0034699107
0.005053816
0.0034278193
0.0034934895
0.008941842
0.008576568
0.008911248
0.0088631
0.008761881
0.009183336
0.009144881
0.008888375
0.009146395
0.009099708
0.00905856
0.009299843
0.0030002473
0.004508351
0.004201919
0.0023721827
0.0036078373
0.0041976776
0.0012313054
0.00012889021
5.7228415e-05
0.0019595705
0.0013878205
0.00011219327
0.0068535456
0.004088173
0.0057855784
0.0062178927
0.00687822
0.0101660825
0.004903073
0.0034232263
0.0054708743
0.0067887567
0.005223398
0.005437639
0.0036147456
0.00053789676
0.0035204098
0.0020244918
0.00024755136
0.00511423
0.0078034378
0.0072167274
0.007193799
0.007508399
0.0075571965
0.008211111
0.008315252
0.007986413
0.008363403
0.008043443
0.006670553
0.00819738
0.009217969
0.009064951
0.009449606
0.008987304
0.009023702
0.00943614
0.009311237
0.009040677
0.009099829
0.009386443
0.009298225
0.009202585
0.013503084
0.007857373
0.0114812255
0.0126433335
0.010313183
0.015000187
0.0046365145
0.006212153
0.0051880833
0.005643117
0.0056326967
0.0037651279
0.00942084
0.009219582
0.009134697
0.009760678
0.009411368
0.009014178
0.0065103816
0.0070712627
0.0067493655
0.006122661
0.0068162275
0.0062783165
0.02609079
0.022037046
0.024342168
0.02776036
0.02524748
0.025391204
0.0064049657
0.0048962724
0.0051804916
0.005924299
0.005190729
0.0062061213
0.02067814
0.02312963
0.021700226
0.021255977
0.021638088
0.0193714
0.0066525205
0.0067396127
0.0071299695
0.0075468956
0.007222627
0.0067545
0.002169489
0.00650998
0.0026377577
0.003723569
0.00036261787
0.0035695077
0.037833057
0.03386616
0.03656215
0.036080442
0.034930207
0.03844287
0.00547868
0.0009206968
0.0065817237
0.0060066762
0.0033438301
0.00608292
0.009952116
0.00988024
0.010107427
0.009498604
0.009902016
0.010601824
0.009888009
0.009792951
0.009747287
0.010019048
0.009825784
0.00956988
0.0037199268
0.0029867173
0.0029112413
0.0041918107
0.0034829588
0.0035196724
0.015228869
0.016574884
0.015120868
0.01706537
0.016516875
0.01315034
0.010125321
0.009783096
0.0099579515
0.009895296
0.00977316
0.010185551
0.0097656865
0.0097867325
0.009727715
0.009805301
0.009665555
0.009603573
0.018119661
0.01980387
0.01963933
0.017718326
0.018194798
0.018069742
0.010089522
0.009568073
0.009343464
0.011713317
0.010432858
0.008641352
0.008266562
0.0069110924
0.007854867
0.008160182
0.007917989
0.008378184
0.009302824
0.009248507
0.009310692
0.009353856
0.009065818
0.009227541
0.004710065
0.005815867
0.004996756
0.0053391014
0.00593537
0.0044408124
0.017438384
0.019594295
0.018158393
0.018514374
0.0187244
0.015938707
0.008750829
0.008376946
0.008641279
0.00909291
0.008499461
0.0085175
0.0012747501
0.0034446148
0.0011605843
0.004147239
0.0044379793
0.00068677485
0.006416357
0.001289848
0.004343306
0.0021365334
0.0040466334
0.012764659
0.0055510905
0.006150829
0.0055933073
0.0059545054
0.005674848
0.005045283
0.0035172428
0.001563389
0.0027630294
0.0002648515
0.0017163883
0.009182229
0.009803243
0.009925513
0.009652157
0.009746636
0.009800865
0.009643615
0.009797829
0.009806212
0.010035094
0.009418607
0.009286619
0.009564807
0.008377236
0.008119041
0.008549032
0.008527341
0.0083680935
0.008677888
0.01366675
0.0071166474
0.016972091
0.002234767
0.0018128674
0.012610533
0.008987415
0.008188712
0.008533228
0.009743575
0.00880692
0.0084073795
0.0058543705
0.0028551726
0.007259297
0.002872373
0.001782939
0.0071354657
0.00024935007
0.007414325
0.0049915505
0.001403243
0.00013117793
0.0013600433
0.004517644
0.0018546769
0.001579709
0.0034574736
0.00013617221
0.0032467467
0.0097222775
0.010311749
0.010007759
0.009294222
0.0093328515
0.009160041
0.010615329
0.011025806
0.01082465
0.010856857
0.011069927
0.010681649
0.0039191735
0.0048821974
0.00011297168
0.0018437472
0.0017997938
0.0075863977
0.004422107
0.0054373755
0.0047002058
0.0050968886
0.004709563
0.0036511347
0.009767963
0.007876917
0.010211387
0.008023227
0.0072203204
0.010624481
0.009195125
0.008784409
0.009270437
0.008849443
0.008807654
0.009598432
0.0094480235
0.008471669
0.008702225
0.009364865
0.009194947
0.010243128
0.00931997
0.008978629
0.009091746
0.0094055645
0.009206305
0.009009847
0.008686451
0.008703429
0.008788724
0.008427336
0.00855416
0.008825132
0.0016275608
0.008557501
3.9666724e-05
0.00048103565
0.0008085147
0.0030246195
0.009882162
0.010430846
0.01235533
0.00034978185
0.0011276309
0.011714746
0.0066621997
0.00906941
0.008238369
0.0077963946
0.009053638
0.008014841
0.009685475
0.009600548
0.009581608
0.009903143
0.009938169
0.00950426
0.0041572363
0.0057791984
0.005801884
0.0027976562
0.0040987977
0.0059219203
0.006985782
0.0059181554
0.0075705475
0.009029224
0.007878947
0.0061385287
0.0043351143
0.004044415
0.004174322
0.0050236797
0.0044613103
0.0030117538
0.008316648
0.007976897
0.007877434
0.008709268
0.008308395
0.007885128
0.008755174
0.0019221213
0.003955069
0.008113482
0.004765084
0.006386076
0.008896616
0.008979935
0.008980809
0.008830186
0.008852954
0.008916959
0.009465739
0.007207756
0.006820021
0.010124949
0.008940439
0.007529194
0.007955521
0.008219119
0.0081022205
0.006963932
0.008256516
0.009483453
0.0016982929
0.004457223
0.0024659906
0.0026216004
0.0022011572
7.064716e-05
0.00969947
0.009566789
0.009540339
0.009819554
0.009652442
0.009399235
0.0009305804
0.00040593182
0.0012806916
0.0020179553
0.0028270169
0.0018643548
0.00574731
0.0061113276
0.0057264036
0.004980557
0.0055893976
0.006803736
0.00047663035
0.0025037872
4.515592e-05
0.0029171335
0.00040470308
0.0007205198
0.0035384856
0.0030293285
0.002048491
0.0031725287
0.00255829
0.0029794332
0.0045335027
0.0025890083
0.00637793
0.013494492
0.0050185244
0.0012601773
0.0029730739
0.0033921928
0.0026610433
0.0018096861
0.0033558586
0.0036240127
0.0051142974
0.00745994
0.0064749825
0.0040449174
0.005905042
0.0059131994
0.0028677736
0.0001896278
0.0029721593
0.005516382
0.0018073649
0.0019492289
0.0054514585
0.0046934146
0.005152276
0.0050896257
0.0051543918
0.0057074125
0.0058082757
0.0031763182
0.006473477
0.009640983
0.0049869632
0.0038982276
0.0022182546
0.0039674887
0.0026908584
0.00026415597
0.0026433652
0.0036660768
0.012546213
0.013320719
0.013484601
0.012717468
0.013047188
0.013056067
0.015063562
0.001244556
0.00067535375
0.013412779
0.008611248
0.014758079
0.009651687
0.009044111
0.009552696
0.009372564
0.009365643
0.0094908355
0.013400325
0.012449681
0.012151833
0.014024912
0.013531428
0.012398952
0.010019264
0.011018336
0.012779246
0.006663772
0.010689404
0.014107532
0.028252095
0.02460293
0.025780309
0.029402621
0.026554417
0.025860194
0.004561153
0.006089621
0.0061620013
0.0013226412
0.0060096653
0.011189249
0.0045835236
0.0036316575
0.00081996823
0.0031687466
0.002264729
0.0083940225
0.0050497698
0.0021063678
0.0029312877
0.0012661493
0.0025249922
0.008166246
0.008883528
0.008661951
0.008725569
0.008949326
0.008695711
0.008742841
0.008791934
0.008783137
0.009043521
0.008647507
0.00858431
0.009285693
0.004022518
0.0047205063
0.0048037036
9.3788636e-05
0.0041749827
0.00801932
0.009122243
0.0042953384
0.005823768
0.0077916277
0.00034949082
0.010851977
0.012889753
0.012844815
0.011925009
0.013826563
0.014030238
0.011948781
0.0057057813
0.006059779
0.0062769507
0.004932563
0.0053840857
0.006376992
0.0061485386
0.005491576
0.0060754362
0.0026742702
0.005015352
0.008424241
0.009749328
0.009213392
0.009498759
0.009120438
0.009446614
0.009814789
0.008214329
0.008081843
0.0083436305
0.007841175
0.0082479315
0.008560434
0.0031651158
0.00046455138
0.0027455168
0.004234017
0.0018963302
0.0029957884
0.004411247
0.0076064724
0.007584896
0.0021605503
0.006671866
0.009781918
0.0002667345
0.0024869463
0.00049827277
0.0028869265
0.0013515812
0.002181355
0.009711594
0.01052373
0.010367135
0.009799628
0.010256275
0.010081001
0.0012058839
0.0001676303
0.00014211894
0.0029291122
0.0020629691
5.711463e-05
0.008935631
0.008863491
0.008984504
0.008987673
0.009014843
0.0089980485
0.021637863
0.024254832
0.022684883
0.0046912045
0.012573026
0.025928408
0.009914875
0.010743059
0.010475703
0.010000019
0.010348141
0.009961764
0.0034784863
0.0152995335
0.015647942
0.0044768145
0.009652256
0.007713031
0.0066604083
0.003916414
0.006296375
0.005484928
0.0047696447
0.0081722345
0.011943853
0.012018806
0.01221594
0.011668461
0.0118762655
0.011910633
0.014768988
0.02020761
0.014588482
0.017022151
0.019079963
0.010180189
0.008981646
0.007843201
0.008748633
0.008587537
0.008284926
0.009568562
0.023147482
0.01446007
0.022537373
0.018386798
0.01671834
0.028475925
0.002805783
0.0034468311
0.0031875717
0.0024013752
0.0032024053
0.002555906
0.0092882905
0.009376707
0.00924071
0.009278738
0.009279679
0.009353278
0.0063649174
0.013554444
0.0090543125
0.008332434
0.010440044
0.0047944374
0.04117586
0.04145602
0.042684022
0.04037305
0.04156327
0.04149522
0.02396222
0.016331559
0.017767066
0.022930697
0.020797646
0.021824203
0.009946823
0.01073966
0.010490013
0.010303352
0.010571423
0.009684077
0.011033097
0.011166944
0.010913991
0.011084599
0.011156818
0.010800592
0.019085541
0.010061899
0.013073428
0.021419954
0.016631303
0.016976738
0.0029952682
0.0018103579
0.0007122424
0.008338434
0.00427092
0.0012121043
0.010055985
0.010639371
0.010624065
0.010035532
0.010415624
0.010519195
0.00913312
0.009425209
0.009462098
0.009126862
0.009639443
0.009279754
0.0037571716
0.0038787597
0.001468802
0.0040781493
0.0031207483
0.006646455
0.0073150084
0.006996032
0.006658863
0.0072711753
0.0072529265
0.0066289157
0.010428134
0.010487316
0.010140152
0.010295849
0.010438736
0.010328338
0.0073017282
0.006564042
0.0069317985
0.007734251
0.006851397
0.0064133005
0.0040445067
0.003260031
0.004007308
0.007023912
0.0052761505
0.0059342403
0.009919281
0.01035304
0.01029369
0.01005707
0.010167047
0.00990861
0.005221504
0.006312229
0.0052988837
0.006521072
0.006100348
0.0044946223
0.0038495166
0.0005771149
0.0050214953
0.0036521556
0.0022208088
0.005790204
0.009312783
0.009401852
0.00953525
0.00901072
0.009024875
0.009370383
0.03769221
0.03290192
0.038332544
0.03419057
0.03407517
0.041174717
0.0018485829
0.0017748887
0.0006033398
0.0005772684
6.067767e-05
0.00241347
0.0128376065
0.0005648298
0.0029980117
0.011445118
0.007087563
0.010539668
0.024842676
0.024213614
0.022240797
0.025128188
0.025545435
0.0217364
0.010578594
0.009685774
0.01050505
0.010227851
0.010068742
0.010975646
0.009898484
0.010039414
0.010217754
0.009811851
0.009923426
0.009749284
0.0029580388
0.0057109464
0.0022949758
0.0013653621
0.0036087655
0.008826588
0.011081948
0.011641424
0.011397641
0.011260122
0.011454539
0.010994088
0.0016463518
0.0018023109
0.00077217334
0.0037253175
0.0024996141
0.00014793308
0.011977801
0.01247839
0.012628609
0.012258076
0.012583989
0.012279455
0.009943333
0.010768486
0.010713242
0.009475111
0.010244168
0.009949718
0.013879022
0.013480435
0.012861196
0.014553279
0.014342142
0.012949769
0.012858228
0.013287034
0.012525641
0.014302424
0.013612392
0.011276578
0.01261212
0.013572849
0.013575662
0.0130619835
0.013519565
0.01286408
0.009738107
0.009979533
0.00994622
0.009812564
0.009870794
0.009676279
0.002896969
0.0036759595
0.0030308133
0.0044380208
0.0039167264
0.0011962585
0.0042803455
0.017211443
0.013586325
0.010635904
0.014532253
0.0036394626
0.00557074
0.0060480814
0.0052395263
0.005886131
0.006107685
0.005063423
0.009924202
0.009394623
0.009489723
0.010941697
0.01003102
0.009043116
0.016127331
0.008445159
0.009296096
0.0136857545
0.011370973
0.013193858
0.0096573355
0.0094559835
0.0096504465
0.00920066
0.009316024
0.010007335
0.0058414047
0.006542454
0.0059722355
0.0054721516
0.0057160864
0.005651058
0.0012793336
0.002105852
0.00082026666
0.00097468664
0.00036225704
0.005204951
0.002465641
0.0046544685
0.0028268578
0.0032814005
0.0027749538
0.0005753529
0.009120306
0.008449675
0.008379987
0.009214373
0.008804193
0.0087814275
0.038260207
0.040454447
0.047081776
0.014330254
0.034415796
0.046037897
0.0098997755
0.00977887
0.00972962
0.010291863
0.010027404
0.009263521
0.020306269
0.028376358
0.02347588
0.022455608
0.025186105
0.017939428
0.0032971175
0.0082586575
0.007906065
0.0019434553
0.0068259505
0.008093592
0.011915603
0.013847421
0.013122505
0.013563196
0.01373263
0.011178417
0.009325867
0.009404305
0.009510388
0.009340345
0.009345048
0.009370586
0.0063181757
0.0063137435
0.0064283144
0.005167408
0.0055459817
0.0063789114
0.007919794
0.007454917
0.008101141
0.0064924993
0.0073921112
0.009219778
0.003505758
0.0007274596
0.0020796007
0.0027798826
0.0016727705
0.0037484134
0.0072375527
0.007262229
0.0075137685
0.0077266726
0.007539824
0.0068116817
0.0012749167
0.0037739652
0.0018973981
0.00087874464
0.0018342158
0.0027970683
0.0024635347
0.0016252354
0.0035261814
0.005948683
0.0028953794
0.00468946
0.022320135
0.033547387
0.037953228
0.022245424
0.029233404
0.030051365
0.0033070063
0.003911305
0.0033390168
0.004820799
0.004237164
0.0024649021
0.0032811975
0.01019062
0.007945782
0.007793314
0.010092032
0.001762587
0.00822996
0.010002107
0.010072784
0.007853817
0.009596194
0.009750692
0.0096622035
0.009904864
0.009752321
0.00941622
0.009681551
0.00964755
0.009098093
0.009017087
0.009066861
0.009120115
0.009044488
0.009031217
0.0066134785
0.007694347
0.0076699895
0.005441419
0.007488952
0.009018266
0.009392777
0.008281427
0.006742295
0.009902968
0.009206352
0.007654236
0.0029553827
0.0053924443
0.0044933422
0.0028643934
0.0023794395
0.0010891273
0.016510002
0.025594642
0.023573866
0.027693748
0.02419318
0.008902109
0.008507775
0.006434098
0.008108928
0.009214336
0.007858017
0.008490609
0.007056472
0.005584732
0.004324886
0.0071006827
0.006581826
0.006104348
0.0009536071
0.000966549
0.002015012
0.0008761943
0.00038797216
0.0025967832
0.0034660473
0.005199303
0.0034811206
0.0028663308
0.004051915
0.0034695505
0.0019588536
0.0032155619
0.0025170173
0.0019556705
0.002307556
0.0024896371
0.010174707
0.0105856415
0.0102937445
0.009875496
0.010110836
0.01011216
0.00793263
0.00865642
0.007859801
0.008413111
0.008536124
0.007306909
0.0053062313
0.005480715
0.0053870236
0.0045425557
0.005150427
0.005846249
0.017038377
0.019296754
0.01844812
0.017301595
0.017933356
0.016437015
0.0019398796
0.007657301
0.005414282
0.004083022
0.0058301827
0.0013573426
0.014039789
0.008322691
0.011781737
0.013618744
0.01227475
0.015686104
0.0044208737
0.007548883
0.0061590974
0.0011620423
0.0042497404
0.0007295131
0.0043260567
0.0030326073
0.003470992
0.0007388148
0.002866461
0.007887168
0.0016993814
0.0045535597
0.0024402984
0.006315307
0.0043339157
0.002159912
0.0061618267
0.0033801917
0.0065967594
0.011882111
0.0062666684
0.002463165
0.0047231144
0.0024280085
0.005562101
0.007925832
0.003905184
0.0035822543
0.0056315796
0.005865636
0.0055014724
0.0051702512
0.0056018843
0.005952075
0.0033527242
0.0052304533
0.0050012125
0.0020467106
0.0017828558
0.00034717715
0.0211574
0.020786444
0.019303625
0.019520398
0.020120395
0.019727945
0.009756336
0.009803664
0.009783655
0.010506015
0.01003759
0.00928549
0.0021388426
0.001103314
0.0037341616
0.0071568494
0.0032875591
0.0012143467
0.0015172948
0.006504813
0.004741443
0.0071468595
0.006660084
0.0002411816
0.009604548
0.009327404
0.00974308
0.009625381
0.009655917
0.00957988
0.012387123
0.012855295
0.013913326
0.012010895
0.011278191
0.0132184625
0.009673697
0.009245203
0.00970639
0.009516843
0.009415365
0.009997284
0.0021414012
0.0041728094
0.0021512504
0.000510542
0.0018388368
0.001903673
0.009859263
0.009574865
0.009878975
0.010019222
0.009794864
0.00984621
0.009204006
0.0061447243
0.008493103
0.010793455
0.008002053
0.009034334
0.0056872475
0.0079457965
0.007224401
0.014882764
0.011130971
0.0012378079
0.0070217256
0.006649818
0.0066415467
0.0075064274
0.006816061
0.0070414986
0.030624779
0.028194798
0.02950328
0.033224206
0.031197514
0.02903192
0.008457639
0.0031958625
0.0062991637
0.0143689765
0.009202599
0.0065190136
0.0058566816
0.0068400307
0.0062342365
0.0061851153
0.0060809064
0.005398134
0.008881175
0.008865383
0.008815177
0.009084864
0.008910682
0.008628753
0.004712533
0.0021970335
0.000515097
0.0037015479
0.00090731384
0.0036740971
0.0025316775
0.0053012283
0.0051405462
0.0063215867
0.0066087744
0.0033731028
0.010922591
0.01066408
0.010521331
0.011304201
0.010920798
0.010331862
0.011075494
0.00968258
0.013119464
0.0032349285
0.0061953347
0.017076269
0.017891018
0.024076857
0.0208561
0.020555208
0.023480862
0.01628678
0.0400328
0.040526606
0.040715214
0.03710033
0.038977318
0.039726064
0.0015553016
0.0033128248
0.002988048
0.00038426122
0.0022465393
0.0021866912
0.009976949
0.019122435
0.019189814
0.005651608
0.014455169
0.017656904
0.00969247
0.009412083
0.009423779
0.009799045
0.009745801
0.009463055
0.0051788026
0.00046273097
0.005085946
0.010909643
0.005786725
0.0041210474
0.0060982243
0.0007855162
0.0019491143
0.0056490907
0.002802707
0.005069846
0.011100676
0.011676148
0.011712769
0.01117033
0.011576083
0.011518365
0.009107095
0.0033306368
0.0016478159
0.005956549
0.005310636
0.01484502
0.031466696
0.022113549
0.025748355
0.033605736
0.029423721
0.029092744
0.0050575747
0.012171864
0.0011359467
0.0047230395
0.0062655704
0.004192223
0.0013782703
0.007472558
0.0046146256
0.0007319058
0.0038676616
0.00263983
0.009760194
0.008908444
0.009265387
0.00984801
0.009552965
0.009643852
0.0066941185
0.012283497
0.012077032
0.0019328691
0.0065848418
0.010388988
0.025640782
0.018204907
0.024333479
0.022486832
0.019480877
0.027247723
0.009773901
0.009529962
0.009411975
0.010102986
0.009830294
0.009447002
0.011609254
0.011921455
0.011880148
0.011552325
0.011994984
0.011568834
0.015815727
0.015043438
0.012594647
0.021031013
0.017756287
0.0103876
0.009109969
0.009261694
0.008925761
0.009348616
0.009172396
0.008804768
0.006219823
0.008258361
0.0035757318
0.0069404114
0.00665283
0.0024153185
0.009667696
0.0099510355
0.009019552
0.009565982
0.0095368475
0.009277327
0.005731241
0.0069620595
0.0062335795
0.0054948325
0.0059785335
0.0052532083
0.0013314092
0.0040152282
0.003544126
0.000119667166
0.0011617021
0.0008141519
0.00902989
0.010467841
0.010169725
0.008589609
0.009766745
0.010100223
0.01008174
0.01045352
0.01030085
0.010865335
0.010594313
0.009692494
0.009308644
0.009503961
0.009423689
0.009630595
0.00943026
0.0091099655
0.0044380124
0.0017764054
0.00068270223
0.0033849236
0.0012404241
0.0035123124
0.011153886
0.0011129088
0.0023388218
0.0073298584
0.004945402
0.013498493
0.0065001147
0.024350377
0.019103985
0.016421845
0.020173889
0.0032247324
0.0041723065
0.004020703
0.00391388
0.004530289
0.0039376323
0.0035289864
0.0036806408
0.008257047
0.0077802893
0.0026527196
0.0069872346
0.009267925
0.0039624996
0.006747201
0.006931144
0.005055384
0.006456744
0.0055041667
0.01668824
0.0075635323
0.010908173
0.018239947
0.017331248
0.019437224
0.0124916285
0.012356327
0.012805428
0.011122311
0.011516656
0.013272134
0.012480907
0.011447698
0.012421062
0.011546319
0.011280667
0.013009533
0.009449699
0.008745673
0.009339971
0.008902526
0.008686947
0.009488013
0.009001695
0.008684585
0.009069993
0.008631259
0.008584395
0.009471669
0.00832482
0.008589722
0.00863349
0.007928417
0.008154248
0.008840277
0.008594815
0.007987487
0.008246597
0.008715208
0.008390253
0.008575088
0.0011487053
0.0026804653
0.0016556522
0.0007368031
0.0021446717
0.0009056034
0.0014415918
0.00088649406
0.0007130773
0.0014862142
0.0007096943
0.003376572
0.0020243623
0.0033053525
0.0007801851
0.0033805503
0.0017301807
0.0063251364
0.01592576
0.016297333
0.016758299
0.015299505
0.016257478
0.017048802
0.007438854
0.0077241585
0.007926396
0.0071161515
0.007442669
0.0078007677
0.0072533637
0.001482349
0.006762948
0.00949272
0.0048500216
0.0073459875
0.0037545403
0.0051043094
0.009595016
0.009109157
0.008233224
0.007208639
0.00776427
0.0047751456
0.0034308133
0.0068349573
0.0053409506
0.0039348206
0.0019277281
0.0018213019
0.0014969873
0.0015681942
0.002949964
0.0030555823
0.009854653
0.012781519
0.011515144
0.012266287
0.012439489
0.00864873
0.00041167217
0.0070321127
0.0034920876
0.0009434917
0.00069987046
0.0027369729
0.010392971
0.010071873
0.010366557
0.01008205
0.009907431
0.010587606
0.0105391415
0.010055402
0.010326088
0.010207697
0.009993156
0.010347673
0.00463998
0.0060035386
0.005011118
0.004903818
0.005054182
0.0045638727
0.009511587
0.0090572145
0.009157195
0.009810171
0.00965208
0.009353864
0.007307757
0.002927546
0.0070927395
0.007621038
0.004036967
0.0077201575
0.009914351
0.0106735965
0.0101117445
0.00999191
0.010478181
0.009764702
0.011446375
0.0115744695
0.011695413
0.010533103
0.011188269
0.011802387
0.008865
0.008811161
0.008697808
0.00916075
0.009022143
0.008786833
0.007938944
0.0077221813
0.007828201
0.0081102075
0.007759965
0.0070163305
0.0037802134
0.0029066165
0.0029726492
0.0044213952
0.003361685
0.0033920773
0.0104019465
0.010486844
0.010501686
0.010013919
0.01016089
0.010402371
0.00969461
0.011868733
0.011809474
0.009454717
0.011120755
0.010938266
0.0124016125
0.021002622
0.019753302
0.006435857
0.016473705
0.019320082
0.010033424
0.010236257
0.010109712
0.009746338
0.009951805
0.010054179
0.01051285
0.009912492
0.0102177635
0.010450157
0.010367862
0.010787964
0.0018300648
0.013769313
0.0034780253
0.0032324716
0.009419201
0.00060898805
0.0147070335
0.012810814
0.013851997
0.013681407
0.012895015
0.014735589
0.009625753
0.009909635
0.009803612
0.009237856
0.009567795
0.009733841
0.006033119
0.006270344
0.005882635
0.0054427637
0.005913771
0.006380125
0.010266421
0.0095163975
0.01068384
0.009009784
0.008612161
0.010994053
0.009967964
0.012136969
0.011629141
0.010079959
0.0113559
0.010760713
0.008669396
0.0081191845
0.009424326
0.006393344
0.007219164
0.011018063
0.015872957
0.013908219
0.0117509235
0.022044804
0.01731007
0.008090776
0.009094714
0.009354011
0.009246359
0.008843281
0.009064975
0.0092472555
0.005681027
0.004021707
0.00430037
0.00026185915
0.005699847
0.004388612
0.010358616
0.011313256
0.01126525
0.010754113
0.010924517
0.00987653
0.009389545
0.009792572
0.009590003
0.009352099
0.009482007
0.009312145
0.0096533345
0.009696533
0.00922679
0.009451941
0.009452565
0.009384196
0.0047676982
0.0019646438
0.0040028947
0.015427986
0.004213547
0.0033256458
0.009037011
0.009073036
0.009032512
0.008836634
0.009058576
0.0090324
0.008539789
0.009551132
0.009008277
0.008753685
0.009040953
0.008319426
0.0016820633
0.00037674347
0.0020256292
0.0062072035
0.0016344604
0.0010466088
0.03281595
0.027315827
0.036518864
0.009445603
0.021771839
0.035334185
0.00061223394
0.0029872144
0.0016288315
0.00062748836
0.0023646802
0.0008227803
0.009955296
0.011245399
0.0110355355
0.00979148
0.010896122
0.010628046
0.0015921479
0.0044283266
0.0031375422
0.0011578093
0.0029621955
0.0021756492
0.009572052
0.009465811
0.009333832
0.009618896
0.009646916
0.009324673
0.0023027663
0.006562139
0.0048272377
0.0028715152
0.0033017404
0.0007846698
0.022830173
0.0148800975
0.024795558
0.0061155492
0.010076375
0.021368818
0.001235075
0.0089634955
0.00543916
0.0068965033
0.009843379
0.0015325199
0.009187312
0.009316187
0.009571215
0.009079908
0.009183507
0.009645207
0.009871018
0.010339955
0.010425799
0.009614712
0.010211545
0.010474926
0.009606059
0.009683445
0.009829785
0.009488841
0.009538962
0.009657614
0.0086221
0.008516738
0.008654354
0.008537369
0.008560766
0.008677049
0.009020199
0.0064694188
0.0074232374
0.009639159
0.00830925
0.008439871
0.009872105
0.0053576333
0.0057613035
0.011577504
0.011272386
0.009729666
0.007264525
0.0053431364
0.0059456057
0.004328796
0.003691507
0.006442161
0.009083463
0.009979556
0.009816505
0.00884207
0.009534783
0.010162284
0.00805756
0.0075618816
0.008031366
0.007778388
0.007639161
0.008481853
0.010994229
0.009369643
0.010870728
0.010221589
0.009881769
0.011607227
0.0106684305
0.017138757
0.012919152
0.00071602705
0.0073323376
0.0131341275
0.0051225475
0.006205371
0.005552942
0.0044878847
0.0056224135
0.00562638
0.009339899
0.009173138
0.009126006
0.009495394
0.009324077
0.009047076
0.009899323
0.009710771
0.009907338
0.009891863
0.00994004
0.010052005
0.010470975
0.0025345352
0.01043714
0.0059666
0.0044605783
0.01672692
0.0042935708
0.00022285432
0.011036904
0.0051975865
0.004982267
0.008735659
0.004421394
0.0024086246
0.0026839
0.002812412
0.0026983977
0.0067922827
0.009024374
0.008999267
0.008957755
0.008279131
0.008781791
0.009739694
0.008280804
0.006696378
0.007946274
0.007942432
0.0076244213
0.008578118
0.013228682
0.014665326
0.013456949
0.01018954
0.010971248
0.013213468
0.010057338
0.009631451
0.009630733
0.010376599
0.010207053
0.009895684
0.010581961
0.010437364
0.010625059
0.01027836
0.010421361
0.010476403
0.007217374
0.007036775
0.0074169175
0.006016292
0.0068701366
0.0081022475
0.008771697
0.0082566505
0.008592341
0.008293958
0.008750196
0.009561218
0.008269559
0.008965485
0.008740886
0.007906102
0.008510796
0.008720843
0.008532457
0.008489999
0.008416023
0.008349886
0.008280428
0.008697739
0.001753491
0.0025532213
0.0021292146
0.0018126253
5.4832755e-05
0.0039348667
0.0017899331
0.0019684485
0.008080791
0.0037848675
0.004319452
0.0054704477
0.020405505
0.015522462
0.02100638
0.01699321
0.015808454
0.023721289
0.004936141
0.003560796
0.0016486249
0.006914665
0.0072008604
0.0031641948
0.0041751442
0.0003066233
0.001407659
0.0022779102
7.2970935e-05
0.008563808
0.0032468445
0.002720636
0.0038195217
0.0010399076
0.0018331981
0.0050845137
0.0011209964
0.0049000555
0.0022719156
0.0050628907
0.00774539
0.0023319242
0.006451916
0.0079113245
0.0072123148
0.006228197
0.006858696
0.007304729
0.010291015
0.010346258
0.010119358
0.01080458
0.010778427
0.010031263
0.0007579831
0.003103382
0.0026398923
1.3465307e-05
0.0017851584
0.00061027694
0.00034580275
0.003635509
0.0065124133
0.004817446
0.0049432274
0.00438706
0.005033772
0.00940076
0.0076193917
0.0024716256
0.0017769422
0.007710855
0.008590154
0.008364169
0.008502714
0.008229506
0.008282233
0.008506708
0.0009051164
0.004554099
0.0055844663
0.005733343
0.0061558383
0.0038089487
0.008584917
0.008483435
0.008607551
0.008320834
0.00865854
0.008638272
0.0019923586
0.003972123
0.003650266
0.0035497618
0.0011950175
0.0037815524
0.014155317
0.015164736
0.014855763
0.014075572
0.014842724
0.014459611
0.0028593177
6.6854474e-05
0.001021642
0.005152069
0.0040016538
0.00062610774
0.009041631
0.008899508
0.009010551
0.009051144
0.008938414
0.0088911895
0.02057184
0.0018625084
0.006644302
0.021153606
0.016488347
0.020693703
0.003748062
0.0065785963
0.00524368
0.0065221637
0.0065445313
0.0037470988
0.007648914
0.008294026
0.007845436
0.007961758
0.008019391
0.0073829736
0.00125586
0.0027253786
0.0022557224
0.0023588599
0.0011897055
0.0019186588
0.0024390668
0.0034470137
0.0014702925
0.0047136014
0.0034139233
0.0058244993
0.004316191
0.0055488506
0.007164793
0.009198788
0.0074831797
0.005238092
0.0006794428
9.218504e-05
0.0008227198
0.0038127596
0.0033889879
0.0018940101
0.0073415595
0.013126798
0.01081085
0.001352342
0.003939808
0.007846269
0.0017318983
0.0021263736
0.00091525377
0.0037005388
0.0011805203
0.0027189571
0.00020869708
0.0027272014
0.0015698946
0.0069716554
0.0035501134
0.002001852
0.009159568
0.009109031
0.00906452
0.009270113
0.009252056
0.009082854
0.00225708
0.003320427
0.0026203543
0.00014325722
0.00031204312
0.002345433
0.009002538
0.009049426
0.00886029
0.008936553
0.009048164
0.008759807
0.0056091296
0.0015950307
0.0138671985
0.010555671
0.0082631605
0.008628253
0.0025885114
4.2198433e-05
0.0005889966
0.0041501336
0.0031207511
0.0014387169
0.00050222717
0.00064940826
0.0005261739
0.00013393833
0.0007327434
0.00030907535
0.0056695472
0.0005139653
0.019966563
0.012243338
0.009578325
0.011784842
0.008775488
0.008837248
0.008830795
0.008495934
0.0086950585
0.0089193545
0.0010773654
0.0022190493
0.00061964116
0.0017234264
0.0013929994
3.8275928e-05
0.007234377
0.0010772089
0.029904917
0.013232664
0.011272701
0.01569981
0.008887536
0.008684033
0.008876276
0.008808975
0.008810793
0.008999796
0.0053227823
0.0049920063
0.0048167487
0.0041217776
0.0032681793
0.004687967
0.008562906
0.008990299
0.008676619
0.008515002
0.008664165
0.008665495
0.008965908
0.0011903379
0.047769945
0.0147260325
0.013200517
0.023422886
0.029933935
0.029589664
0.027387626
0.03390495
0.031790618
0.024925072
0.0077904747
0.0078361975
0.0078854235
0.0067626648
0.0072149504
0.008405755
0.0064978246
0.0053516445
0.006243549
0.006691932
0.006130696
0.0070625003
0.010954911
0.010891547
0.011418509
0.009797775
0.009906798
0.011430175
0.008577703
0.0068001514
0.007532557
0.0077479654
0.006244687
0.007894623
0.03167535
0.027491752
0.028261358
0.034217067
0.030295098
0.027794888
0.009866883
0.008831981
0.009567241
0.009929153
0.009193177
0.010159911
0.011379772
0.008994973
0.010193199
0.010320627
0.008855725
0.010994659
0.017847931
0.02147383
0.017509487
0.018007126
0.019812008
0.014792348
0.012850626
0.010570186
0.011864061
0.011888495
0.0106418235
0.012749986
0.004926929
5.899735e-05
0.00044523927
0.006854863
0.0044420287
0.0032188864
0.0119502
0.012077822
0.011642456
0.012016051
0.012266233
0.0116905235
0.013493232
0.011504043
0.012763235
0.012582172
0.011580675
0.013586171
0.009574257
0.008687339
0.009422618
0.00964577
0.009148443
0.00975354
0.009392978
0.008463247
0.009435202
0.009296336
0.009029761
0.009549561
0.01331849
0.011496746
0.012851848
0.0123121785
0.011510388
0.013698147
0.017762665
0.01592805
0.018131522
0.014715056
0.015254704
0.020421207
0.012407217
0.010757022
0.012054431
0.01142515
0.010753214
0.013005179
0.01153743
0.010355368
0.01124701
0.011007363
0.010352874
0.011910239
0.011134829
0.010283821
0.0109964125
0.010727174
0.01024932
0.011310326
0.0106579
0.009803046
0.010645572
0.010238394
0.00981471
0.011044879
0.004649397
0.005175544
0.0045740153
0.0043190536
0.0047766054
0.004998223
0.015708802
0.013978736
0.014308137
0.014344632
0.013945653
0.015588928
0.0048092976
0.00069795334
0.0042047217
0.010446526
0.00597847
0.003607711
0.009127609
0.00859694
0.00888654
0.009333058
0.009136864
0.009257648
0.010212858
0.010258334
0.010098891
0.010205122
0.010234065
0.010192956
0.010057431
0.010639451
0.010135279
0.010221496
0.010471411
0.0098913545
0.010682289
0.010216108
0.010984625
0.010005259
0.00980031
0.01098094
0.007302429
0.0032591566
0.0033425868
0.008716632
0.0068256813
0.0057016215
0.001650406
0.0058264975
0.0032823484
0.0018496404
0.0014073255
0.0028523828
0.005677082
0.0012693591
0.0038150786
0.0046779383
0.0026759678
0.008764144
0.009988918
0.0049589053
0.010502327
0.011049276
0.0072033145
0.007925211
0.010464089
0.009658579
0.009508331
0.010509598
0.010037783
0.010495561
0.00979101
0.005980011
0.006474857
0.010542932
0.0090567
0.008809442
0.00799038
0.007822555
0.007906603
0.007633757
0.007666041
0.007947299
0.010135039
0.009602702
0.010193253
0.009924879
0.009579786
0.010370332
0.006192343
0.009451287
0.0054672877
0.006551042
0.0068183853
0.003318671
0.009365528
0.008772224
0.009228848
0.00935268
0.0091782985
0.009680261
0.011480809
0.008916998
0.0091315415
0.011799579
0.0108995745
0.0108604105
0.0005851892
9.546626e-05
4.6012075e-05
0.0014373169
0.00082747237
0.00016743912
0.01263377
0.01414052
0.01376436
0.013495806
0.013932718
0.012464693
0.0062602977
0.0063123093
0.006639515
0.006941226
0.006675262
0.0062948037
0.008261278
0.008820903
0.0085650915
0.00834043
0.008706824
0.008216602
0.010271445
0.0099647
0.0097841015
0.010480197
0.010028519
0.009878806
0.004369303
0.006292073
0.0046286285
0.005878813
0.0064236843
0.004002155
0.0049493327
0.004617006
0.004088825
0.00522282
0.004235574
0.0037550866
0.005503817
0.0029169586
4.2399104e-05
0.0009549511
0.0010894756
0.007255518
0.012541507
0.010483506
0.010704061
0.0126685975
0.012049831
0.0120521495
0.004158101
0.0011548334
0.0038949056
0.0045487764
0.0031579381
0.0053297356
0.0027817613
0.0038191122
0.0024074756
0.0022350505
0.00097000285
0.0020563013
0.009169653
0.008697509
0.009139545
0.00903211
0.009066609
0.009378149
0.0066012647
0.012790229
0.006552611
0.00920387
0.011053713
0.0013391027
0.015133512
0.015440815
0.015552329
0.013500817
0.014372916
0.016266879
0.012826003
0.011373335
0.0114418445
0.012740947
0.012470506
0.012423611
0.0095748715
0.009656573
0.009441624
0.009508114
0.009580649
0.009471736
0.008336983
0.0041589267
0.0032160014
0.006101726
0.0014640777
0.0063472698
0.0060128514
0.0057230266
0.006102305
0.0062853573
0.006054482
0.0064055463
0.00953738
0.009422962
0.009060913
0.009561926
0.0091572665
0.009427563
0.012137883
0.01133777
0.011227102
0.011949113
0.011892996
0.011960042
0.013704122
0.014990484
0.014263063
0.015864981
0.01520442
0.011995133
0.0039607333
0.008116604
0.0041954047
0.00089202455
0.0049515776
0.0049561784
0.011343338
0.010771024
0.010510149
0.0114849275
0.011269902
0.01096941
0.0051300433
0.008430825
0.0077906926
0.006934396
0.00813759
0.00462904
0.0055643367
0.0059655514
0.0061844783
0.005240673
0.005005123
0.005411288
0.011022589
0.010710759
0.0102391
0.011223126
0.011087159
0.010404593
0.005005555
0.0057552313
0.005224891
0.0036346135
0.002236291
0.000264903
0.01646245
0.015132934
0.016544027
0.015646128
0.015932322
0.017861253
0.006833358
0.007450703
0.007058363
0.006875917
0.0070293336
0.0069628605
0.00792115
0.008384432
0.008107722
0.0072648027
0.0076334425
0.007856214
0.03329673
0.024387311
0.02941751
0.034463525
0.030070117
0.032739896
0.001431448
0.0016530972
0.0022845662
0.00027280874
0.0010837266
0.0024402763
0.008905381
0.009233955
0.008911107
0.008820981
0.008897668
0.0087622125
0.010723948
0.010646726
0.010217876
0.010646087
0.010790232
0.0102692675
0.010684496
0.010138548
0.009920377
0.010727209
0.010460763
0.010112321
0.0015261143
0.0010489807
0.0013073779
0.0006319665
0.001021945
0.0017389497
0.006579271
0.007845928
0.0069550895
0.006599076
0.0071389643
0.006580936
0.007074723
0.0070762546
0.0073111234
0.006352059
0.006672802
0.007295367
0.006143311
0.0065011387
0.006420059
0.005689986
0.005687141
0.0066069774
0.009109697
0.009298236
0.009127407
0.009050525
0.009101061
0.009059136
0.009293043
0.009923958
0.009457862
0.009055814
0.009435474
0.009140173
0.008827657
0.008875992
0.009074812
0.008549042
0.008831071
0.00913101
0.0024277281
0.007511266
0.0004896892
0.014215857
0.00094811845
0.041999973
0.004310469
0.011352983
0.008042824
0.006081816
0.009107603
0.00420704
0.008954583
0.011216718
0.0059885764
0.009209135
0.010799982
0.0067953602
0.009467169
0.009642142
0.00953013
0.009541635
0.009590843
0.009476617
0.008388887
0.008547653
0.008275162
0.008446997
0.008572292
0.00782583
0.0058259047
0.004969764
0.005593239
0.0064198533
0.0057565616
0.0060621104
0.0028755448
0.011768127
0.005600748
0.001769473
0.0036530874
0.0021166662
0.0037127377
0.014934484
0.004105504
0.0012336246
0.0062372913
0.0028740223
0.009312831
0.009585562
0.009114623
0.009121603
0.009049061
0.009096515
0.008512506
0.0086498065
0.00861791
0.008435034
0.008529329
0.008586512
0.009396698
0.00932596
0.009179834
0.00887556
0.00907391
0.009011401
0.0016312499
0.0023896596
0.0005852363
0.0035673226
0.0015252875
0.0016091985
0.006181382
0.007752725
0.008741736
0.006838881
0.0061067194
0.0036154774
0.0035613044
0.0061736098
0.006404632
0.0031454733
0.003616393
0.0017169014
0.008589948
0.008466313
0.008628341
0.008785015
0.0086397305
0.0083153
0.0053973105
0.005716918
0.0060155853
0.0041431487
0.0049828873
0.006060943
0.003631136
0.0046600937
0.00036543063
0.0033324268
0.0070403856
0.0041775997
0.038508918
0.040583104
0.04034062
0.03644318
0.039232112
0.03992658
0.00934889
0.009239817
0.009290357
0.00944424
0.009427504
0.009368127
0.0065481304
0.006389265
0.006344293
0.005681531
0.006093244
0.007421644
0.0051076678
0.0042339833
0.0051641706
0.0048928317
0.004678914
0.0058768024
0.0047310386
0.005131942
0.0038076914
0.0033773568
0.003121132
0.0035382586
0.011503374
0.009828161
0.009804145
0.011589896
0.011055677
0.010760229
0.008018792
0.008317359
0.008479349
0.007861214
0.00830117
0.008233617
0.0003622306
0.0069719576
0.0051242267
0.002332103
0.0062336964
0.00054266077
0.017863926
0.0145994695
0.01738081
0.01665435
0.016461886
0.01993222
0.010150395
0.009767359
0.010178087
0.009999978
0.009993932
0.010225332
0.00755722
0.007874429
0.0075685754
0.0076874485
0.0077088177
0.007476057
0.00739298
0.0117660165
0.008421726
0.005047195
0.0065275086
0.005993536
0.0018121424
0.009920999
0.0072823036
0.0027292615
0.00875299
0.0030891614
0.004264798
0.0047799195
0.00023301732
0.0008463752
0.006505752
0.0046581356
0.0104656955
0.010082193
0.010080058
0.010617243
0.010436243
0.010354451
0.010920981
0.0076716007
0.0052118814
0.014572734
0.012563453
0.008927479
0.00025190637
0.0007418879
0.0060099
0.0042450996
0.0048671574
0.0052673887
0.011034831
0.010148553
0.009808717
0.011213973
0.010800119
0.010347598
0.007093292
0.0062089376
0.0077195624
0.0071919113
0.0043570497
0.0070724776
0.00444178
0.0070493803
0.007500634
0.0035603463
0.0037795212
0.0043396642
0.008153843
0.008621981
0.0084778415
0.008164242
0.008400365
0.008384283
0.019721858
0.025399731
0.02241423
0.022142654
0.024215087
0.017847085
0.00939299
0.007902917
0.009092267
0.009745759
0.008806181
0.009352696
0.003842034
0.0031481471
0.0012746884
0.0022722962
0.0020975487
0.008651436
0.000900053
0.07426345
0.06794515
0.0050411355
0.00024610065
0.042507716
0.007376363
0.004354382
0.007717342
0.00592973
0.00427071
0.008501291
0.009413678
0.0075209676
0.009214814
0.009660272
0.008486754
0.009693654
0.0055499575
0.009490888
0.007509349
0.0042835614
0.0050796242
0.0015763595
0.010502263
0.01024578
0.009905468
0.010392969
0.010281848
0.0100853015
0.010431298
0.010471717
0.010186099
0.010561883
0.010662563
0.010194234
0.0049330713
0.0031271747
0.004951084
0.0041032424
0.005017076
0.008205254
0.026852235
0.03328831
0.030153956
0.023886701
0.028645875
0.028483663
0.0038372204
0.009406945
0.0052555692
0.0040643685
0.0069294535
0.002433371
0.00942307
0.00935076
0.0093387365
0.0096139815
0.009438075
0.009167116
0.0077169095
0.0064634653
0.006814445
0.007824623
0.0072213225
0.0075956183
0.0043746484
0.011077779
0.006424887
0.0027136253
0.004472656
0.0026323518
0.0067533385
0.0020507192
0.0040538255
0.0031282841
0.0035863973
0.006217367
0.015754014
0.014447608
0.015185637
0.014255224
0.014259989
0.016256187
0.0020746186
0.0018768831
0.00023988233
0.00084170914
0.0015053132
0.004317243
0.003975675
0.0071727727
0.0042537726
0.0044774604
0.0063226684
0.0036458354
0.0052055516
0.005411806
0.005231715
0.0051318198
0.005107528
0.0052722567
0.008935413
0.008920336
0.009044793
0.008809892
0.009041615
0.0089578815
0.0015233875
0.0028104451
0.0012047217
0.0011786541
0.0016794335
0.005343284
0.0034307127
0.0028336628
0.008625942
0.006500703
0.005682196
0.004595081
0.00981986
0.009300945
0.00970104
0.009847677
0.009663048
0.009977431
0.006797259
0.003940505
0.0052825212
0.00037258453
0.007850525
0.0109454775
0.011423689
0.011542766
0.011792025
0.011184253
0.011414891
0.011521031
0.008106658
0.007195385
0.0076296325
0.0076618353
0.007461671
0.008026022
0.007445657
0.0046720617
0.009803318
0.0111083705
0.008400737
0.00452289
0.008720006
0.0159958
0.008117584
0.0046194093
0.0066124466
0.0005399611
0.010918576
0.010184492
0.010806413
0.010719636
0.0104166
0.010783863
0.009343405
0.0035716046
0.008848616
0.0016033632
0.009450336
0.024185142
0.009809092
0.010609252
0.010247663
0.010240806
0.010404293
0.00984074
0.009118647
0.010998179
0.010612599
0.008784703
0.01031891
0.010080477
0.009840377
0.009740688
0.009643843
0.010083109
0.009856439
0.0093625635
0.010229633
0.012418626
0.012099865
0.01026895
0.011681116
0.01108429
0.009053383
0.009212465
0.009136095
0.008692086
0.008949176
0.009062785
0.008465754
0.0072831847
0.008156778
0.008637786
0.007931703
0.008671269
0.0050140102
0.00438749
0.005393485
0.0046992777
0.0047477293
0.004905986
0.0074888254
0.007480504
0.004394146
0.008562985
0.0077017667
0.003812905
0.0015066175
0.004795523
0.003802886
0.0046404735
0.004749058
0.0004839542
0.008891709
0.009329862
0.00916744
0.008443358
0.00878939
0.008827575
0.0092260325
0.009202484
0.009203479
0.009320619
0.009299288
0.00909378
0.008745846
0.008994984
0.008936122
0.008578764
0.008992301
0.0089828875
0.008996787
0.009133206
0.0087363515
0.008488819
0.00898528
0.008501622
0.0010404815
0.0018505118
0.00019891103
0.0003264763
0.00074367144
0.0021618619
0.009931514
0.011491941
0.011147283
0.009968791
0.010981423
0.010579012
0.0038934916
0.010859698
0.005864492
0.0016282172
0.003388906
0.0030010405
0.006325817
0.005853966
0.0059994035
0.0049186363
0.005597316
0.007645322
0.014694124
0.015187145
0.014100819
0.015344914
0.015375145
0.01390991
0.0032532832
0.0071806284
0.0041260584
0.005304321
0.005961986
0.0013700884
0.005881018
0.0045147124
0.002596359
0.0025284064
0.005110778
0.0037471445
0.009676068
0.011024203
0.010664065
0.009588009
0.010552126
0.010096081
0.0064606057
0.009062457
0.006162501
0.0067264936
0.007040529
0.004437981
0.005498365
0.006500861
0.006644681
0.005096622
0.006668002
0.007835548
0.008468815
0.008673743
0.008859432
0.008251156
0.008491172
0.008787328
0.008179187
0.010816949
0.010863456
0.007684569
0.009902583
0.010006429
0.009261279
0.0012995263
0.004031346
0.0039235717
0.005414719
0.012692906
0.0068415795
0.005169064
0.006377056
0.0030752327
0.0058449944
0.009734999
0.00035737024
0.0037901693
0.002758823
0.0023212975
0.0045486754
0.0029428161
0.010130026
0.010506815
0.01042819
0.010345412
0.010449892
0.010222448
0.008866897
0.0033500334
0.0046191523
0.008068764
0.0065500545
0.008622473
0.0069765453
0.0037575401
0.007048707
0.006814282
0.004305877
0.007952866
0.007974921
0.008788707
0.008609913
0.008163302
0.008839557
0.008170985
0.002554303
0.0060599605
0.005996721
0.0105532985
0.008772547
0.00037365023
0.011006553
0.010371587
0.010621687
0.010863651
0.010470734
0.010942206
0.009159098
0.009603716
0.009167076
0.009028709
0.009251775
0.009038135
0.0061208038
0.006443516
0.0061080516
0.004898535
0.0058571263
0.00765587
0.02408574
0.013661356
0.011702066
0.0317715
0.018642137
0.008910972
0.0046816724
0.00596759
0.0050763744
0.005235771
0.005113092
0.00408953
0.034250196
0.039318554
0.036462393
0.035837177
0.037723985
0.031915717
0.029231196
0.028947212
0.029570928
0.035406422
0.027035372
0.019755393
0.012737905
0.013396178
0.016026681
0.008493701
0.010604405
0.016376143
0.008511812
0.00932634
0.008837221
0.007994989
0.008774664
0.009158671
0.00958137
0.009870199
0.009639097
0.009982953
0.009831365
0.009171493
0.00925504
0.010026017
0.00969768
0.009097232
0.009619811
0.00955322
0.008532118
0.0066297175
0.008335121
0.008679306
0.007014902
0.0082661575
0.008440364
0.0071494323
0.0081003755
0.008476074
0.0079529695
0.008162831
0.018387374
0.030731676
0.021924797
0.006860394
0.019479454
0.023288192
0.008614933
0.007945533
0.008299571
0.008400735
0.007964969
0.009045098
0.008003028
0.008635309
0.008171557
0.00824104
0.00841618
0.007809517
0.005010571
0.0004685533
0.004718632
0.007174181
0.0017570736
0.0018927857
0.008579788
0.008790597
0.008806633
0.008363775
0.008630118
0.008817935
0.003112076
0.006044773
0.0001670092
0.00086710206
0.0009279581
0.008275214
0.013040505
0.0034636124
0.0047537675
0.017966134
0.00810946
0.0047951085
0.02764725
0.02160143
0.028182777
0.02339364
0.022866817
0.031870242
0.008738266
0.00227162
0.004140359
0.0077575366
0.0054329475
0.008336854
0.009141846
0.008335614
0.00861628
0.009153171
0.009216138
0.010105456
0.009627507
0.009902228
0.00967835
0.009962098
0.009876034
0.0094324825
0.0039911782
0.003721136
0.008348985
0.00021178811
0.0012777699
0.0070748082
0.006884195
0.008485678
0.00428362
0.007314053
0.007986322
0.0024177944
0.010578397
0.010109717
0.010437829
0.010783332
0.010490367
0.010648505
0.007110238
0.0054563074
0.0020509663
0.004965784
0.0028436221
0.006620131
0.015409531
0.017009942
0.016124615
0.016068053
0.016261302
0.014258753
0.00514683
0.005853566
0.005649964
0.0060202726
0.0062898425
0.0050625172
0.0044859205
0.0043271324
0.0022009702
0.0047925757
0.00516293
0.00397421
0.010247072
0.010031973
0.01019336
0.010013366
0.010055135
0.010341933
0.009801609
0.009998704
0.009818301
0.009651741
0.009855148
0.009802322
0.0078282505
0.00810085
0.007872782
0.007316697
0.0076970253
0.007846735
0.008191821
0.007892318
0.008072181
0.00820074
0.008014699
0.008357245
0.013087687
0.020422468
0.0207146
0.014899856
0.01695837
0.010830033
0.00048170015
0.0045747766
0.0026466963
0.0004212512
0.00050489476
0.001540796
0.008685493
0.008566046
0.008732377
0.008253301
0.008355057
0.009025627
0.0073739686
0.012471075
0.010247642
0.00630711
0.009350993
0.0085279085
0.009631341
0.009384616
0.009485076
0.009720248
0.009678581
0.009675796
0.002296355
0.0024343198
0.0022923038
0.00205122
0.0019430486
0.0032157952
0.0013659756
0.0043762615
0.003997572
0.004990372
0.00077973487
0.0017765781
0.009812943
0.009648741
0.009846926
0.009846958
0.009820314
0.009862813
0.0035795982
0.009025776
0.0055494593
0.0015072309
0.005594383
0.0015238796
0.0074582333
0.008431933
0.008241824
0.0069277883
0.007927921
0.008194291
0.005936243
0.0017103435
0.0052832905
0.0011863926
0.0036974284
0.009386039
0.0023671826
0.005598452
0.0010108114
0.001306131
0.0062682787
0.0029102503
0.0020129662
0.011675135
0.008275969
0.0055692378
0.0094861
0.00034561736
0.00030614316
0.00013737053
0.0014147186
0.005196056
0.0039747856
0.00018292486
0.0014151848
0.0007170259
0.00634065
0.002204955
0.0031359226
0.0020532687
0.01227764
0.015611969
0.018898072
0.013555239
0.016816607
0.016051373
0.009021014
0.010998594
0.010814706
0.00886799
0.010373021
0.0100671975
0.0018026053
0.00053275935
0.0022008808
0.0013946233
0.0027401124
0.004236676
0.009806677
0.010009392
0.009959738
0.009886001
0.0099014165
0.009649911
0.006624231
0.005061132
0.0006194537
0.0026615262
0.0025280074
0.014475854
0.010867333
0.010505937
0.0106997825
0.010900215
0.010896343
0.010987823
0.014050029
0.015139393
0.014833032
0.014890209
0.015078698
0.013415144
0.010844515
0.010597371
0.010712317
0.0108703235
0.010653947
0.010439284
0.010187352
0.016906938
0.012984549
0.012960539
0.015727105
0.008456579
0.0013286192
0.00028922138
0.0006571604
0.00024208004
0.00036562292
0.0019069486
0.009850991
0.009713619
0.009694954
0.009875555
0.00970982
0.009722897
0.00587271
0.002957751
0.0062409258
0.00835166
0.006364118
0.006685795
0.010065058
0.010103336
0.009661438
0.010379435
0.010100602
0.009786925
0.007504914
0.006420492
0.0072527505
0.0074383183
0.0070069116
0.0075712684
0.008009765
0.007838387
0.007873079
0.007967213
0.007775344
0.008177396
0.0091622295
0.01032079
0.009997436
0.0089906845
0.009887245
0.009696118
0.009959627
0.010074771
0.010001916
0.009993243
0.01011498
0.009995199
0.0065322355
0.0024491302
0.0067769433
0.004784374
0.0026121289
0.007143782
0.009598541
0.009504703
0.009554343
0.0098982565
0.009635345
0.009342906
0.015646942
0.01865385
0.016156605
0.014315669
0.016155083
0.014882462
0.002758661
0.0009726296
0.006641278
0.002432906
0.003460816
0.0063851033
0.008612571
0.0022089437
0.0003769173
0.006035676
0.0026601525
0.009809045
0.009845286
0.010010189
0.009893698
0.009511869
0.009629864
0.009923544
0.005287982
0.0036837028
0.005328025
0.0051243016
0.004429144
0.0060935253
0.0007946754
0.00048272658
0.0025643108
0.006271244
0.0016671926
0.0056048916
0.0043060323
0.0048544765
0.0032168063
0.002156687
0.0016273546
0.0034648136
0.011613615
0.011313483
0.011696328
0.011000384
0.011082472
0.011936743
0.0060017467
0.004877501
0.0060237776
0.007155473
0.006939142
0.0064172386
0.008826896
0.0047721784
0.0075763203
0.0113755325
0.008882423
0.008652311
0.009092522
0.03902654
0.009199406
0.0037616796
0.010415811
0.003745018
0.006482988
0.0037184276
0.0036774536
0.0061575035
0.0011992198
0.005230939
0.0076686433
0.007410858
0.007503065
0.0078641875
0.0075889053
0.007699127
0.010513256
0.00986739
0.010429669
0.010348664
0.010241503
0.010882487
0.011206261
0.010620578
0.011138411
0.010962319
0.010937505
0.011661122
0.009477434
0.009440728
0.009468139
0.009557464
0.009610385
0.009391731
0.0010839897
0.0072987317
0.003078216
0.0031499707
0.005587814
0.002874881
0.016012095
0.00879016
0.01494194
0.014893408
0.012178033
0.018110847
0.010486556
0.011000157
0.010817082
0.010341571
0.010590425
0.010460423
0.0073378594
0.0100998385
0.009583264
0.0055002817
0.007116505
0.0077503473
0.012896265
0.0078322105
0.009579019
0.012399276
0.010628753
0.01319177
0.000649433
0.0071235877
0.0004871194
2.5819305e-05
0.0009352627
0.0077102548
0.009502518
0.009082207
0.009897563
0.008973547
0.008466622
0.009840028
0.010976754
0.010548951
0.010501474
0.012100744
0.010579181
0.00894152
0.009195176
0.009569996
0.008020061
0.009774092
0.009693896
0.0072885794
